4314 12167426 12181530
4313 12163615 12167425
4311 12155705 12163614
4310 12151782 12155704
4307 12148291 12151781
4306 12146546 12148290
4305 12136764 12146545
4304 12132141 12136763
4301 12130734 12132140
4300 12125024 12130733
4299 12123639 12125023
4298 12118232 12123638
4295 12116510 12118231
4294 12114217 12116509
4293 12108124 12114216
4292 12105765 12108123
4291 12100875 12105764
4290 12096479 12100874
4289 12093172 12096478
4287 12091811 12093171
4286 12087858 12091810
4285 12086720 12087857
4284 12079352 12086719
4283 12074250 12079351
4282 12068610 12074249
4281 12065691 12068609
4280 12062125 12065690
4279 12057743 12062124
4278 12055366 12057742
4277 12054431 12055365
4276 12047508 12054430
4275 12042371 12047507
4274 12038701 12042370
4273 12038110 12038700
4272 12034889 12038109
4271 12026690 12034888
4270 12021102 12026689
4269 12019189 12021101
4268 12016138 12019188
4267 12012744 12016137
4266 12005116 12012743
4263 12003404 12005115
4262 12000799 12003403
4261 11998669 12000798
4260 11996959 11998668
4258 11994007 11996958
4257 11991025 11994006
4256 11984537 11991024
4255 11982551 11984536
4254 11977346 11982550
4253 11971061 11977345
4252 11962256 11971060
4251 11960291 11962255
4250 11957542 11960290
4249 11952879 11957541
4248 11951335 11952878
4247 11950657 11951334
4245 11948448 11950656
4244 11944582 11948447
4243 11939318 11944581
4241 11933440 11939317
4240 11931927 11933439
4239 11930235 11931926
4238 11920068 11930234
4237 11916461 11920067
4236 11912307 11916460
4235 11896809 11912306
4234 11893419 11896808
4233 11889682 11893418
4232 11884896 11889681
4231 11881474 11884895
4230 11878963 11881473
4228 11873579 11878962
4227 11871795 11873578
4226 11869891 11871794
4225 11842839 11869890
4224 11840548 11842838
4223 11838438 11840547
4222 11835263 11838437
4221 11833063 11835262
4220 11823375 11833062
4219 11818955 11823374
4218 11816007 11818954
4217 11814902 11816006
4216 11814111 11814901
4215 11812945 11814110
4214 11810859 11812944
4213 11809164 11810858
4212 11807371 11809163
4211 11805248 11807370
4210 11803247 11805247
4209 11795550 11803246
4208 11794130 11795549
4207 11792446 11794129
4206 11789294 11792445
4205 11781898 11789293
4204 11766810 11781897
4203 11765020 11766809
4202 11763332 11765019
4200 11762360 11763331
4199 11760704 11762359
4198 11758494 11760703
4197 11756751 11758493
4196 11748860 11756750
4195 11745895 11748859
4194 11742517 11745894
4193 11736350 11742516
4192 11732790 11736349
4191 11723691 11732789
4190 11721048 11723690
4189 11719162 11721047
4188 11709804 11719161
4187 11707110 11709803
4186 11705428 11707109
4185 11700810 11705427
4184 11699001 11700809
4183 11697390 11699000
4182 11696378 11697389
4181 11694735 11696377
4180 11689989 11694734
4179 11688706 11689988
4178 11686792 11688705
4177 11683899 11686791
4176 11681368 11683898
4175 11676755 11681367
4174 11673724 11676754
4172 11666747 11673723
4171 11664046 11666746
4170 11660400 11664045
4169 11657935 11660399
4168 11653158 11657934
4167 11651509 11653157
4166 11644214 11651508
4165 11641967 11644213
4164 11640316 11641966
4163 11639461 11640315
4162 11638537 11639460
4161 11636058 11638536
4160 11627949 11636057
4158 11622444 11627948
4157 11620016 11622443
4156 11618149 11620015
4155 11617212 11618148
4154 11616031 11617211
4152 11614667 11616030
4151 11609221 11614666
4150 11601605 11609220
4149 11597432 11601604
4148 11594361 11597431
4146 11590365 11594360
4145 11589970 11590364
4144 11589227 11589969
4143 11587828 11589226
4142 11587079 11587827
4141 11585482 11587078
4140 11583337 11585481
4139 11580744 11583336
4138 11577798 11580743
4137 11575814 11577797
4136 11574477 11575813
4135 11568054 11574476
4134 11553076 11568053
4133 11550821 11553075
4131 11544348 11550820
4130 11537208 11544347
4129 11535198 11537207
4128 11533138 11535197
4127 11529722 11533137
4126 11520687 11529721
4125 11517002 11520686
4124 11512502 11517001
4123 11501233 11512501
4122 11500712 11501232
4121 11500293 11500711
4120 11492707 11500292
4119 11489837 11492706
4118 11486612 11489836
4117 11484603 11486611
4116 11480913 11484602
4115 11479861 11480912
4114 11479147 11479860
4113 11477580 11479146
4112 11474471 11477579
4111 11473230 11474470
4110 11470794 11473229
4109 11470305 11470793
4108 11468162 11470304
4107 11465831 11468161
4106 11463623 11465830
4105 11461419 11463622
4104 11459251 11461418
4103 11458622 11459250
4102 11456965 11458621
4101 11454270 11456964
4100 11451940 11454269
4099 11449461 11451939
4098 11447612 11449460
4097 11447051 11447611
4095 11445359 11447050
4094 11444584 11445358
4093 11442986 11444583
4091 11441734 11442985
4090 11440941 11441733
4089 11440074 11440940
4088 11437856 11440073
4087 11434604 11437855
4086 11429639 11434603
4083 11429104 11429638
4082 11427741 11429103
4081 11426413 11427740
4080 11425435 11426412
4079 11422550 11425434
4078 11420648 11422549
4077 11417525 11420647
4075 11416616 11417524
4074 11415314 11416615
4072 11410547 11415313
4071 11409868 11410546
4070 11408691 11409867
4068 11407303 11408690
4066 11405142 11407302
4065 11402813 11405141
4064 11400331 11402812
4062 11395646 11400330
4060 11382750 11395645
4059 11380822 11382749
4058 11377427 11380821
4057 11370056 11377426
4056 11368183 11370055
4055 11361142 11368182
4049 11350202 11361141
4047 11348820 11350201
4046 11346288 11348819
4045 11341095 11346287
4044 11339400 11341094
4043 11337982 11339399
4042 11336741 11337981
4041 11335468 11336740
4040 11331179 11335467
4039 11329695 11331178
4036 11327429 11329694
4035 11325100 11327428
4034 11321074 11325099
4033 11319326 11321073
4032 11317165 11319325
4031 11312163 11317164
4030 11306793 11312162
4029 11305415 11306792
4028 11304350 11305414
4025 11302614 11304349
4023 11294226 11302613
4022 11290754 11294225
4020 11287557 11290753
4019 11284902 11287556
4017 11282873 11284901
4016 11273211 11282872
4015 11270817 11273210
4012 11267709 11270816
4011 11265753 11267708
4010 11263394 11265752
4009 11261930 11263393
4008 11260407 11261929
4007 11256183 11260406
4006 11252729 11256182
4005 11248899 11252728
4003 11238818 11248898
4002 11227660 11238817
4001 11224032 11227659
3994 11220828 11224031
3993 11218887 11220827
3991 11215842 11218886
3990 11212546 11215841
3989 11208729 11212545
3988 11205713 11208728
3987 11200383 11205712
3986 11197109 11200382
3984 11193707 11197108
3983 11192363 11193706
3982 11190272 11192362
3981 11189754 11190271
3980 11186009 11189753
3978 11184662 11186008
3977 11184085 11184661
3976 11183546 11184084
3975 11182868 11183545
3974 11182001 11182867
3973 11181463 11182000
3972 11180720 11181462
3969 11179130 11180719
3968 11176232 11179129
3967 11174889 11176231
3965 11172861 11174888
3964 11171719 11172860
3963 11167699 11171718
3962 11164912 11167698
3961 11159619 11164911
3960 11158394 11159618
3959 11157189 11158393
3958 11155160 11157188
3957 11150596 11155159
3956 11147504 11150595
3955 11145616 11147503
3954 11144304 11145615
3953 11135934 11144303
3952 11133322 11135933
3948 11125963 11133321
3947 11123936 11125962
3946 11118384 11123935
3945 11108974 11118383
3944 11099802 11108973
3943 11097091 11099801
3942 11091993 11097090
3941 11087342 11091992
3940 11081726 11087341
3939 11078217 11081725
3938 11075360 11078216
3937 11072446 11075359
3936 11068383 11072445
3935 11067773 11068382
3934 11064275 11067772
3933 11060206 11064274
3932 11058169 11060205
3931 11056892 11058168
3930 11055981 11056891
3929 11051038 11055980
3928 11043268 11051037
3927 11037484 11043267
3925 11035025 11037483
3924 11031428 11035024
3923 11029686 11031427
3922 11023610 11029685
3921 11019456 11023609
3920 11018938 11019455
3917 11017283 11018937
3916 11013523 11017282
3915 11011028 11013522
3914 11009629 11011027
3912 11008129 11009628
3910 11005521 11008128
3908 11003526 11005520
3906 11002225 11003525
3905 11000609 11002224
3904 10995331 11000608
3903 10993029 10995330
3902 10991682 10993028
3901 10988717 10991681
3900 10986172 10988716
3899 10982933 10986171
3898 10979573 10982932
3897 10972329 10979572
3896 10956932 10972328
3895 10951524 10956931
3894 10948669 10951523
3893 10946710 10948668
3892 10944319 10946709
3891 10941236 10944318
3890 10938243 10941235
3889 10932160 10938242
3888 10930391 10932159
3887 10928869 10930390
3886 10927769 10928868
3885 10926159 10927768
3884 10924300 10926158
3883 10909790 10924299
3882 10908809 10909789
3881 10903432 10908808
3880 10889752 10903431
3878 10884793 10889751
3876 10882405 10884792
3875 10880607 10882404
3874 10878416 10880606
3871 10875867 10878415
3870 10873966 10875866
3869 10872217 10873965
3868 10866814 10872216
3867 10864611 10866813
3866 10860649 10864610
3865 10858751 10860648
3864 10857763 10858750
3863 10855629 10857762
3862 10853560 10855628
3860 10851840 10853559
3859 10850166 10851839
3858 10848205 10850165
3857 10845127 10848204
3856 10843802 10845126
3855 10840804 10843801
3854 10836138 10840803
3853 10831761 10836137
3852 10825261 10831760
3851 10821897 10825260
3849 10814690 10821896
3847 10804240 10814689
3846 10802756 10804239
3845 10798842 10802755
3844 10790342 10798841
3843 10788925 10790341
3842 10785318 10788924
3841 10782701 10785317
3840 10780088 10782700
3839 10777692 10780087
3838 10775704 10777691
3837 10769385 10775703
3836 10766203 10769384
3835 10765092 10766202
3834 10763631 10765091
3833 10761551 10763630
3832 10755498 10761550
3831 10753392 10755497
3830 10751430 10753391
3829 10748012 10751429
3828 10745762 10748011
3827 10743986 10745761
3826 10742564 10743985
3825 10734734 10742563
3824 10728075 10734733
3822 10722889 10728074
3821 10721542 10722888
3820 10720411 10721541
3819 10710213 10720410
3818 10708098 10710212
3817 10704931 10708097
3816 10704455 10704930
3815 10702351 10704454
3814 10698571 10702350
3813 10696937 10698570
3810 10690312 10696936
3809 10688801 10690311
3808 10666126 10688800
3806 10664356 10666125
3805 10658452 10664355
3804 10653091 10658451
3803 10641224 10653090
3797 10640007 10641223
3796 10637268 10640006
3794 10634405 10637267
3793 10626610 10634404
3784 10611513 10626609
3783 10610484 10611512
3779 10609528 10610483
3778 10607879 10609527
3777 10598124 10607878
3776 10594629 10598123
3775 10587105 10594628
3774 10578932 10587104
3773 10576052 10578931
3772 10574212 10576051
3769 10569231 10574211
3766 10567843 10569230
3764 10565078 10567842
3762 10562518 10565077
3756 10547235 10562517
3755 10544680 10547234
3754 10541215 10544679
3753 10539572 10541214
3752 10538003 10539571
3751 10536499 10538002
3750 10535075 10536498
3749 10533245 10535074
3748 10530918 10533244
3746 10528918 10530917
3745 10525871 10528917
3744 10520357 10525870
3743 10510365 10520356
3741 10509132 10510364
3740 10503144 10509131
3732 10495426 10503143
3730 10489599 10495425
3729 10483087 10489598
3728 10481004 10483086
3727 10469297 10481003
3726 10460083 10469296
3725 10453867 10460082
3720 10452540 10453866
3719 10451434 10452539
3715 10450905 10451433
3714 10450444 10450904
3713 10449951 10450443
3712 10449474 10449950
3711 10448989 10449473
3710 10448480 10448988
3709 10448001 10448479
3708 10447470 10448000
3707 10446975 10447469
3706 10446504 10446974
3705 10446041 10446503
3704 10445548 10446040
3703 10445099 10445547
3702 10444666 10445098
3701 10444243 10444665
3700 10443499 10444242
3699 10441337 10443498
3698 10436590 10441336
3697 10433876 10436589
3696 10429316 10433875
3695 10424622 10429315
3694 10424053 10424621
3693 10421088 10424052
3692 10414490 10421087
3691 10410847 10414489
3690 10408994 10410846
3689 10405164 10408993
3688 10391389 10405163
3687 10387463 10391388
3686 10382056 10387462
3685 10379434 10382055
3684 10377176 10379433
3683 10371239 10377175
3682 10355381 10371238
3681 10353581 10355380
3680 10351482 10353580
3679 10345882 10351481
3678 10344102 10345881
3677 10343076 10344101
3676 10338590 10343075
3675 10337119 10338589
3674 10333477 10337118
3673 10330080 10333476
3672 10326036 10330079
3671 10317076 10326035
3670 10314032 10317075
3668 10310412 10314031
3667 10301467 10310411
3666 10298389 10301466
3665 10295865 10298388
3664 10289979 10295864
3662 10287900 10289978
3661 10287377 10287899
3660 10281490 10287376
3659 10280960 10281489
3657 10279006 10280959
3656 10276412 10279005
3655 10273605 10276411
3654 10272405 10273604
3653 10265275 10272404
3652 10262228 10265274
3651 10256916 10262227
3649 10248351 10256915
3648 10245454 10248350
3647 10240732 10245453
3646 10239221 10240731
3645 10237732 10239220
3644 10235923 10237731
3643 10232342 10235922
3642 10229755 10232341
3641 10225173 10229754
3640 10215714 10225172
3639 10214344 10215713
3638 10209944 10214343
3637 10207956 10209943
3636 10204282 10207955
3635 10198696 10204281
3634 10195567 10198695
3633 10193930 10195566
3632 10191849 10193929
3631 10181987 10191848
3629 10178218 10181986
3627 10174759 10178217
3626 10171589 10174758
3625 10170996 10171588
3624 10160848 10170995
3623 10156016 10160847
3622 10153924 10156015
3621 10150648 10153923
3620 10146976 10150647
3619 10144352 10146975
3618 10142208 10144351
3617 10140718 10142207
3616 10135040 10140717
3615 10134163 10135039
3614 10133408 10134162
3613 10129523 10133407
3612 10126436 10129522
3611 10123936 10126435
3609 10123452 10123935
3608 10115520 10123451
3607 10111826 10115519
3606 10104553 10111825
3605 10102715 10104552
3604 10091702 10102714
3602 10083872 10091701
3601 10078735 10083871
3600 10076391 10078734
3599 10071386 10076390
3598 10069546 10071385
3597 10068441 10069545
3596 10066294 10068440
3595 10063599 10066293
3594 10062087 10063598
3593 10057898 10062086
3592 10056654 10057897
3591 10055356 10056653
3590 10054221 10055355
3589 10052360 10054220
3587 10047268 10052359
3586 10046100 10047267
3585 10045109 10046099
3584 10043833 10045108
3583 10042858 10043832
3582 10041067 10042857
3579 10036189 10041066
3578 10034429 10036188
3577 10030645 10034428
3576 10027438 10030644
3575 10024108 10027437
3574 10023012 10024107
3572 10020841 10023011
3571 10019951 10020840
3570 10018575 10019950
3569 10017162 10018574
3567 10013799 10017161
3566 10010808 10013798
3565 10007566 10010807
3564 10003565 10007565
3563 10001952 10003564
3562 10001086 10001951
3560 9998291 10001085
3559 9996684 9998290
3558 9993709 9996683
3557 9992407 9993708
3556 9990727 9992406
3555 9985113 9990726
3554 9982521 9985112
3553 9977297 9982520
3552 9975577 9977296
3551 9974052 9975576
3550 9971856 9974051
3549 9970512 9971855
3548 9969040 9970511
3547 9966719 9969039
3546 9965258 9966718
3545 9962566 9965257
3544 9961356 9962565
3543 9959948 9961355
3542 9957215 9959947
3541 9951056 9957214
3540 9949177 9951055
3539 9946455 9949176
3538 9945591 9946454
3537 9943964 9945590
3536 9942053 9943963
3535 9940761 9942052
3534 9938957 9940760
3533 9937425 9938956
3532 9935367 9937424
3531 9933869 9935366
3530 9932910 9933868
3529 9931122 9932909
3528 9926454 9931121
3527 9923228 9926453
3526 9920585 9923227
3525 9918999 9920584
3524 9917317 9918998
3523 9914903 9917316
3522 9913168 9914902
3521 9911514 9913167
3520 9910260 9911513
3519 9905147 9910259
3518 9903397 9905146
3517 9902297 9903396
3516 9872251 9902296
3515 9869660 9872250
3514 9866434 9869659
3513 9864199 9866433
3512 9861723 9864198
3511 9860697 9861722
3510 9856937 9860696
3509 9849975 9856936
3508 9848794 9849974
3507 9847620 9848793
3506 9845760 9847619
3505 9844255 9845759
3504 9842280 9844254
3503 9836837 9842279
3502 9835831 9836836
3501 9833687 9835830
3500 9833033 9833686
3499 9832365 9833032
3498 9831740 9832364
3496 9831082 9831739
3494 9830440 9831081
3493 9829780 9830439
3492 9829147 9829779
3491 9828513 9829146
3489 9827886 9828512
3488 9827237 9827885
3487 9826598 9827236
3486 9825954 9826597
3485 9825317 9825953
3484 9824648 9825316
3483 9823938 9824647
3482 9823265 9823937
3481 9822634 9823264
3479 9821995 9822633
3478 9821354 9821994
3477 9820686 9821353
3476 9819995 9820685
3475 9819355 9819994
3474 9818713 9819354
3473 9818044 9818712
3472 9817378 9818043
3471 9816731 9817377
3470 9816092 9816730
3467 9815425 9816091
3466 9814766 9815424
3464 9814107 9814765
3463 9813420 9814106
3461 9812762 9813419
3459 9812131 9812761
3458 9811480 9812130
3457 9810807 9811479
3456 9810149 9810806
3455 9809458 9810148
3454 9808798 9809457
3452 9808157 9808797
3450 9807498 9808156
3448 9806854 9807497
3446 9806189 9806853
3445 9805538 9806188
3444 9804856 9805537
3443 9804178 9804855
3441 9803526 9804177
3440 9802870 9803525
3439 9802229 9802869
3438 9801601 9802228
3437 9800938 9801600
3436 9800295 9800937
3435 9799641 9800294
3434 9799001 9799640
3433 9798353 9799000
3432 9797700 9798352
3431 9797053 9797699
3430 9796389 9797052
3427 9795713 9796388
3426 9795047 9795712
3425 9794381 9795046
3424 9793690 9794380
3422 9793053 9793689
3421 9792408 9793052
3420 9791768 9792407
3419 9791083 9791767
3418 9790410 9791082
3417 9789688 9790409
3416 9789029 9789687
3415 9788346 9789028
3413 9787688 9788345
3412 9787011 9787687
3411 9786320 9787010
3410 9785656 9786319
3409 9784993 9785655
3407 9784333 9784992
3406 9783647 9784332
3405 9782953 9783646
3404 9782295 9782952
3403 9781617 9782294
3402 9780922 9781616
3401 9780276 9780921
3400 9779626 9780275
3398 9778976 9779625
3397 9778342 9778975
3396 9777692 9778341
3395 9777051 9777691
3394 9776405 9777050
3393 9775751 9776404
3392 9775082 9775750
3391 9774421 9775081
3390 9773734 9774420
3389 9773075 9773733
3388 9772401 9773074
3387 9771737 9772400
3386 9771065 9771736
3385 9770371 9771064
3383 9769692 9770370
3382 9769036 9769691
3381 9768349 9769035
3380 9767690 9768348
3379 9767029 9767689
3378 9766382 9767028
3377 9765706 9766381
3376 9765053 9765705
3375 9764392 9765052
3374 9763733 9764391
3373 9763039 9763732
3370 9762322 9763038
3369 9761669 9762321
3368 9761002 9761668
3367 9760363 9761001
3366 9759679 9760362
3365 9759020 9759678
3363 9758363 9759019
3362 9757717 9758362
3361 9757066 9757716
3359 9756424 9757065
3358 9755776 9756423
3357 9755151 9755775
3356 9754504 9755150
3355 9753854 9754503
3354 9753202 9753853
3353 9752539 9753201
3352 9751901 9752538
3351 9751219 9751900
3350 9750503 9751218
3349 9749852 9750502
3347 9749168 9749851
3343 9748491 9749167
3341 9747818 9748490
3340 9747155 9747817
3339 9746469 9747154
3337 9745790 9746468
3334 9745118 9745789
3331 9744469 9745117
3330 9743771 9744468
3329 9743097 9743770
3328 9742459 9743096
3327 9741800 9742458
3326 9741165 9741799
3325 9740540 9741164
3324 9739863 9740539
3323 9739232 9739862
3322 9738575 9739231
3321 9737925 9738574
3320 9737279 9737924
3319 9736642 9737278
3318 9735972 9736641
3315 9735238 9735971
3314 9734503 9735237
3312 9733804 9734502
3311 9733136 9733803
3310 9732450 9733135
3309 9731788 9732449
3306 9731155 9731787
3305 9730482 9731154
3304 9729794 9730481
3302 9729126 9729793
3301 9728466 9729125
3300 9727785 9728465
3297 9727126 9727784
3294 9726488 9727125
3292 9725815 9726487
3291 9725127 9725814
3290 9724424 9725126
3289 9723738 9724423
3287 9723048 9723737
3286 9722332 9723047
3285 9721619 9722331
3284 9720922 9721618
3282 9720217 9720921
3281 9719559 9720216
3278 9718872 9719558
3277 9718223 9718871
3276 9717552 9718222
3275 9716871 9717551
3274 9716215 9716870
3273 9715552 9716214
3272 9714856 9715551
3271 9714212 9714855
3270 9713560 9714211
3269 9712870 9713559
3266 9712199 9712869
3265 9711540 9712198
3264 9710882 9711539
3263 9710202 9710881
3261 9709544 9710201
3260 9708892 9709543
3259 9708206 9708891
3258 9707550 9708205
3257 9706873 9707549
3256 9706180 9706872
3255 9705537 9706179
3254 9704858 9705536
3253 9704206 9704857
3252 9703541 9704205
3251 9702894 9703540
3250 9702227 9702893
3249 9701583 9702226
3248 9700945 9701582
3247 9700266 9700944
3246 9699618 9700265
3245 9698959 9699617
3244 9698305 9698958
3243 9697620 9698304
3241 9696964 9697619
3240 9696250 9696963
3239 9695547 9696249
3238 9694839 9695546
3237 9694169 9694838
3236 9693509 9694168
3235 9692834 9693508
3234 9692176 9692833
3233 9691482 9692175
3232 9690833 9691481
3231 9690161 9690832
3230 9689504 9690160
3229 9688817 9689503
3228 9688170 9688816
3227 9687516 9688169
3226 9686822 9687515
3225 9686152 9686821
3224 9685495 9686151
3223 9684823 9685494
3222 9684163 9684822
3221 9683519 9684162
3220 9682832 9683518
3219 9682184 9682831
3218 9681499 9682183
3217 9680835 9681498
3216 9680181 9680834
3215 9679493 9680180
3214 9678779 9679492
3213 9678080 9678778
3212 9677386 9678079
3211 9676728 9677385
3210 9676079 9676727
3209 9675410 9676078
3199 9674717 9675409
3198 9674066 9674716
3197 9673414 9674065
3196 9672757 9673413
3195 9672106 9672756
3194 9671419 9672105
3193 9670755 9671418
3191 9670049 9670754
3190 9669351 9670048
3189 9668681 9669350
3188 9667994 9668680
3184 9667296 9667993
3183 9666623 9667295
3182 9665949 9666622
3181 9665259 9665948
3180 9664581 9665258
3179 9663895 9664580
3178 9663234 9663894
3176 9662536 9663233
3174 9661841 9662535
3173 9661167 9661840
3162 9660515 9661166
3161 9659867 9660514
3160 9659208 9659866
3158 9658546 9659207
3157 9657832 9658545
3156 9657122 9657831
3154 9656450 9657121
3152 9655755 9656449
3151 9655072 9655754
3150 9654407 9655071
3149 9653704 9654406
3148 9653030 9653703
3147 9652364 9653029
3146 9651697 9652363
3145 9651011 9651696
3144 9650364 9651010
3143 9649726 9650363
3142 9649012 9649725
3140 9648312 9649011
3139 9647649 9648311
3138 9646981 9647648
3137 9646296 9646980
3136 9645597 9646295
3135 9644933 9645596
3132 9644247 9644932
3131 9643619 9644246
3129 9642945 9643618
3117 9642290 9642944
3114 9641634 9642289
3113 9640972 9641633
3110 9640301 9640971
3109 9639618 9640300
3108 9638954 9639617
3107 9638288 9638953
3106 9637648 9638287
3105 9636984 9637647
3104 9636287 9636983
3100 9635622 9636286
3099 9634938 9635621
3098 9634276 9634937
3097 9633612 9634275
3096 9632948 9633611
3095 9632289 9632947
3094 9631633 9632288
3092 9630974 9631632
3091 9630296 9630973
3090 9629591 9630295
3089 9628940 9629590
3087 9628290 9628939
3086 9627635 9628289
3085 9626993 9627634
3084 9626338 9626992
3083 9625671 9626337
3082 9625015 9625670
3081 9624342 9625014
3080 9623698 9624341
3079 9623029 9623697
3078 9622314 9623028
3077 9621662 9622313
3076 9620975 9621661
3075 9620318 9620974
3074 9619615 9620317
3073 9618931 9619614
3072 9618265 9618930
3071 9617602 9618264
3070 9616931 9617601
3069 9616267 9616930
3068 9615578 9616266
3067 9614921 9615577
3066 9614283 9614920
3065 9613580 9614282
3064 9612914 9613579
3063 9612230 9612913
3062 9611566 9612229
3061 9610895 9611565
3060 9610262 9610894
3059 9609594 9610261
3058 9608906 9609593
3057 9608248 9608905
3056 9607546 9608247
3055 9606886 9607545
3044 9606222 9606885
3042 9605514 9606221
3041 9604838 9605513
3039 9604139 9604837
3037 9603441 9604138
3034 9602740 9603440
3033 9602071 9602739
3032 9601408 9602070
3031 9600727 9601407
3030 9600065 9600726
3029 9599399 9600064
3025 9598730 9599398
3014 9598065 9598729
3013 9597378 9598064
3012 9596659 9597377
3011 9596018 9596658
3010 9595362 9596017
3009 9594729 9595361
3008 9594091 9594728
3007 9593399 9594090
3005 9592696 9593398
3004 9592032 9592695
3003 9591349 9592031
3002 9590689 9591348
3001 9590020 9590688
3000 9588317 9590019
2999 9580003 9588316
2998 9578220 9580002
2997 9575204 9578219
2996 9573623 9575203
2995 9571232 9573622
2992 9567404 9571231
2991 9565364 9567403
2990 9559587 9565363
2989 9557662 9559586
2988 9555140 9557661
2987 9552560 9555139
2986 9551952 9552559
2985 9551467 9551951
2984 9550823 9551466
2983 9548895 9550822
2982 9547110 9548894
2975 9539688 9547109
2974 9537197 9539687
2973 9534694 9537196
2972 9530127 9534693
2971 9524172 9530126
2970 9518935 9524171
2969 9510930 9518934
2967 9508267 9510929
2966 9505828 9508266
2965 9503737 9505827
2964 9501268 9503736
2963 9491657 9501267
2961 9491213 9491656
2959 9487279 9491212
2958 9484852 9487278
2957 9481342 9484851
2956 9479515 9481341
2955 9477146 9479514
2954 9474673 9477145
2953 9473203 9474672
2950 9468006 9473202
2949 9459431 9468005
2948 9454352 9459430
2947 9452192 9454351
2946 9449719 9452191
2945 9443340 9449718
2944 9441679 9443339
2943 9438265 9441678
2942 9436746 9438264
2941 9434145 9436745
2938 9431126 9434144
2937 9428964 9431125
2935 9427689 9428963
2932 9425740 9427688
2931 9421278 9425739
2930 9419211 9421277
2929 9413188 9419210
2928 9404325 9413187
2927 9403074 9404324
2925 9399151 9403073
2924 9390958 9399150
2923 9384166 9390957
2922 9379404 9384165
2921 9377393 9379403
2920 9376066 9377392
2919 9370513 9376065
2917 9369386 9370512
2909 9368242 9369385
2908 9367090 9368241
2907 9365938 9367089
2906 9364377 9365937
2905 9357208 9364376
2904 9354765 9357207
2901 9352081 9354764
2900 9348992 9352080
2899 9347458 9348991
2898 9346928 9347457
2896 9333183 9346927
2893 9327425 9333182
2892 9323527 9327424
2891 9315230 9323526
2890 9307065 9315229
2889 9304722 9307064
2888 9295773 9304721
2887 9288767 9295772
2885 9278068 9288766
2884 9270320 9278067
2883 9261485 9270319
2881 9248446 9261484
2880 9246356 9248445
2879 9241971 9246355
2878 9237560 9241970
2877 9236357 9237559
2876 9235639 9236356
2875 9231345 9235638
2874 9215426 9231344
2873 9209853 9215425
2872 9206991 9209852
2871 9202761 9206990
2870 9189917 9202760
2869 9177640 9189916
2868 9174307 9177639
2867 9170464 9174306
2866 9166960 9170463
2865 9163052 9166959
2863 9157246 9163051
2861 9151136 9157245
2860 9144287 9151135
2859 9134372 9144286
2858 9123655 9134371
2857 9119946 9123654
2856 9115180 9119945
2855 9111365 9115179
2854 9109609 9111364
2853 9104499 9109608
2851 9093540 9104498
2850 9088849 9093539
2849 9076003 9088848
2848 9066405 9076002
2846 9061773 9066404
2845 9052001 9061772
2844 9043596 9052000
2843 9038454 9043595
2842 9034705 9038453
2841 9008900 9034704
2840 9004462 9008899
2839 8998115 9004461
2838 8986665 8998114
2837 8985318 8986664
2836 8978641 8985317
2835 8977002 8978640
2834 8975951 8977001
2833 8975273 8975950
2832 8972440 8975272
2831 8969034 8972439
2830 8961883 8969033
2828 8957801 8961882
2827 8955113 8957800
2826 8950423 8955112
2824 8942401 8950422
2823 8933233 8942400
2822 8931131 8933232
2821 8927673 8931130
2820 8926137 8927672
2819 8925599 8926136
2818 8918258 8925598
2817 8915063 8918257
2816 8914232 8915062
2815 8913741 8914231
2813 8900186 8913740
2812 8880681 8900185
2811 8869389 8880680
2810 8862008 8869388
2809 8853562 8862007
2808 8844808 8853561
2807 8828801 8844807
2806 8819549 8828800
2805 8808282 8819548
2804 8799204 8808281
2803 8798128 8799203
2802 8796830 8798127
2801 8789425 8796829
2798 8765828 8789424
2797 8759470 8765827
2796 8753516 8759469
2794 8746415 8753515
2793 8735181 8746414
2792 8709388 8735180
2791 8702597 8709387
2790 8690026 8702596
2789 8686498 8690025
2788 8682194 8686497
2786 8662411 8682193
2784 8658739 8662410
2783 8655862 8658738
2782 8653729 8655861
2778 8645846 8653728
2777 8634365 8645845
1353 3671800 3672445
1261 3645010 3645625
1158 3615688 3616326
1142 3611271 3611921
1108 3601153 3601778
1106 3600501 3601152
1105 3599885 3600500
1104 3599251 3599884
1102 3598601 3599250
1101 3598005 3598600
1099 3597377 3598004
1098 3596746 3597376
1097 3596107 3596745
1096 3595477 3596106
1095 3594855 3595476
1094 3594243 3594854
1088 3593608 3594242
1086 3592983 3593607
1084 3592331 3592982
1083 3591713 3592330
1080 3591092 3591712
1077 3590498 3591091
1075 3589865 3590497
1074 3589235 3589864
1073 3588598 3589234
1072 3587969 3588597
1071 3587347 3587968
1070 3586736 3587346
1065 3586118 3586735
1062 3585458 3586117
1061 3584806 3585457
1060 3584169 3584805
1058 3583510 3584168
1057 3582882 3583509
1055 3582254 3582881
1054 3581623 3582253
1053 3580994 3581622
1052 3580342 3580993
1051 3579711 3580341
1050 3579094 3579710
1049 3578459 3579093
1047 3577809 3578458
1046 3577215 3577808
1044 3576563 3577214
1043 3575934 3576562
1042 3575297 3575933
1041 3574668 3575296
1040 3574047 3574667
1039 3573429 3574046
1038 3572815 3573428
1037 3572190 3572814
1035 3571562 3572189
1034 3570914 3571561
1033 3570260 3570913
1032 3569608 3570259
1031 3568954 3569607
1030 3568288 3568953
1029 3567649 3568287
1028 3566987 3567648
1027 3566335 3566986
1026 3565663 3566334
1025 3565024 3565662
1023 3564401 3565023
1021 3563775 3564400
1019 3563127 3563774
1017 3562475 3563126
1016 3561845 3562474
1015 3561194 3561844
1012 3560542 3561193
1009 3559910 3560541
1008 3559282 3559909
1007 3558649 3559281
1006 3558022 3558648
1005 3557347 3558021
1004 3556694 3557346
997 3556036 3556693
996 3555734 3556035
995 3555454 3555733
993 3554824 3555453
990 3554521 3554823
989 3554235 3554520
987 3553618 3554234
984 3552991 3553617
983 3552331 3552990
980 3551680 3552330
974 3551063 3551679
971 3550445 3551062
969 3549828 3550444
968 3549196 3549827
965 3548579 3549195
964 3548032 3548578
962 3547410 3548031
961 3546784 3547409
960 3546115 3546783
956 3545488 3546114
955 3544859 3545487
953 3544209 3544858
952 3543553 3544208
951 3542907 3543552
950 3542254 3542906
949 3541621 3542253
948 3540976 3541620
947 3540316 3540975
946 3539688 3540315
945 3539013 3539687
944 3538381 3539012
943 3537816 3538380
942 3537167 3537815
941 3536503 3537166
939 3536141 3536502
938 3535522 3536140
936 3534846 3535521
934 3534223 3534845
932 3533606 3534222
931 3532976 3533605
930 3532329 3532975
928 3531694 3532328
927 3531063 3531693
926 3530443 3531062
925 3529817 3530442
924 3529188 3529816
923 3528559 3529187
922 3527930 3528558
921 3527304 3527929
920 3526673 3527303
919 3526012 3526672
917 3525361 3526011
914 3524681 3525360
913 3524064 3524680
912 3523470 3524063
910 3522846 3523469
909 3522198 3522845
908 3521532 3522197
907 3520911 3521531
906 3520263 3520910
905 3519649 3520262
900 3501276 3519648
899 3498445 3501275
898 3496078 3498444
897 3493048 3496077
896 3491409 3493047
895 3490868 3491408
894 3477110 3490867
893 3475222 3477109
892 3471876 3475221
891 3470048 3471875
890 3467633 3470047
889 3461062 3467632
888 3460468 3461061
887 3459056 3460467
886 3454882 3459055
885 3452190 3454881
884 3450333 3452189
883 3447298 3450332
882 3446061 3447297
881 3444242 3446060
879 3424786 3444241
878 3422713 3424785
877 3415971 3422712
876 3410486 3415970
875 3404818 3410485
874 3399208 3404817
873 3390249 3399207
872 3389289 3390248
871 3387584 3389288
870 3385816 3387583
869 3384253 3385815
868 3381592 3384252
867 3374706 3381591
866 3371739 3374705
865 3369871 3371738
864 3368949 3369870
862 3367729 3368948
861 3364783 3367728
859 3362584 3364782
858 3362227 3362583
857 3360707 3362226
856 3359486 3360706
855 3352705 3359485
854 3346896 3352704
853 3344815 3346895
852 3341196 3344814
850 3335690 3341195
849 3334271 3335689
848 3333234 3334270
847 3330351 3333233
846 3327667 3330350
844 3324519 3327666
843 3322952 3324518
842 3320873 3322951
841 3314619 3320872
840 3312628 3314618
839 3310393 3312627
838 3308768 3310392
837 3306159 3308767
836 3297379 3306158
835 3296156 3297378
834 3293155 3296155
833 3292247 3293154
832 3290752 3292246
831 3287976 3290751
830 3287046 3287975
829 3285602 3287045
828 3282813 3285601
827 3281516 3282812
826 3278474 3281515
825 3273349 3278473
824 3271918 3273348
823 3270675 3271917
822 3267844 3270674
821 3266131 3267843
820 3258175 3266130
819 3256840 3258174
818 3255574 3256839
817 3254286 3255573
816 3251627 3254285
815 3245876 3251626
814 3244371 3245875
813 3241468 3244370
812 3239227 3241467
811 3233508 3239226
810 3229696 3233507
809 3228257 3229695
808 3226330 3228256
807 3225122 3226329
806 3224179 3225121
805 3220426 3224178
804 3218418 3220425
803 3215857 3218417
802 3214295 3215856
801 3212339 3214294
799 3209659 3212338
798 3206078 3209658
797 3199278 3206077
796 3198448 3199277
795 3197306 3198447
794 3191020 3197305
793 3184725 3191019
792 3182578 3184724
791 3173508 3182577
790 3170179 3173507
789 3169184 3170178
788 3161887 3169183
787 3157404 3161886
786 3150392 3157403
785 3142326 3150391
784 3141065 3142325
783 3140079 3141064
782 3137615 3140078
781 3134339 3137614
780 3130664 3134338
779 3127364 3130663
778 3123878 3127363
777 3122888 3123877
776 3118893 3122887
775 3117530 3118892
774 3116424 3117529
773 3114184 3116423
772 3109106 3114183
771 3105720 3109105
769 3101919 3105719
767 3099412 3101918
766 3092913 3099411
765 3085021 3092912
764 3080565 3085020
763 3077520 3080564
762 3062737 3077519
761 3057046 3062736
760 3053252 3057045
759 3050546 3053251
758 3040915 3050545
757 3031335 3040914
756 3030303 3031334
755 3026241 3030302
754 3019299 3026240
753 3011271 3019298
752 3009477 3011270
751 3006508 3009476
750 3005467 3006507
749 2997850 3005466
748 2990286 2997849
747 2979685 2990285
746 2976631 2979684
745 2975571 2976630
744 2972671 2975570
743 2969208 2972670
742 2962565 2969207
741 2954966 2962564
740 2952552 2954965
739 2947143 2952551
738 2938805 2947142
737 2930668 2938804
736 2926477 2930667
734 2923679 2926476
733 2915189 2923678
732 2906612 2915188
731 2899558 2906611
730 2896309 2899557
729 2892045 2896308
728 2887234 2892044
727 2883371 2887233
726 2880972 2883370
725 2878243 2880971
724 2873648 2878242
723 2869782 2873647
722 2860744 2869781
721 2854318 2860743
720 2852521 2854317
719 2847028 2852520
718 2839944 2847027
717 2832523 2839943
716 2826835 2832522
715 2818196 2826834
714 2809994 2818195
713 2802076 2809993
712 2800708 2802075
711 2797315 2800707
710 2793809 2797314
709 2785292 2793808
708 2783687 2785291
707 2780576 2783686
706 2778480 2780575
705 2775793 2778479
704 2774303 2775792
703 2767944 2774302
702 2764251 2767943
701 2760909 2764250
700 2758685 2760908
699 2757589 2758684
698 2753266 2757588
697 2749551 2753265
696 2747455 2749550
695 2739894 2747454
694 2735355 2739893
693 2732892 2735354
692 2726395 2732891
691 2716621 2726394
690 2714719 2716620
689 2710722 2714718
687 2709021 2710721
686 2703339 2709020
685 2699689 2703338
684 2695072 2699688
683 2691356 2695071
682 2682284 2691355
681 2668543 2682283
680 2661945 2668542
679 2659810 2661944
678 2645201 2659809
677 2640898 2645200
676 2638990 2640897
675 2636952 2638989
674 2634333 2636951
672 2632648 2634332
671 2629151 2632647
670 2626899 2629150
669 2624398 2626898
668 2622319 2624397
667 2619824 2622318
666 2615000 2619823
665 2613539 2614999
664 2609561 2613538
663 2608994 2609560
662 2607498 2608993
661 2606292 2607497
659 2604307 2606291
658 2603338 2604306
657 2601083 2603337
656 2599960 2601082
655 2595265 2599959
654 2590868 2595264
653 2588357 2590867
652 2587466 2588356
651 2585817 2587465
650 2584656 2585816
649 2582836 2584655
648 2581548 2582835
646 2577307 2581547
645 2576374 2577306
644 2575628 2576373
643 2572467 2575627
642 2571639 2572466
641 2567436 2571638
640 2566753 2567435
639 2563788 2566752
638 2558476 2563787
637 2557488 2558475
636 2555618 2557487
635 2554173 2555617
634 2547829 2554172
633 2535865 2547828
632 2527586 2535864
631 2522715 2527585
630 2517262 2522714
629 2509725 2517261
628 2504304 2509724
627 2495104 2504303
626 2493053 2495103
625 2490867 2493052
624 2487361 2490866
623 2484984 2487360
622 2481629 2484983
621 2478089 2481628
620 2472265 2478088
619 2464559 2472264
618 2461460 2464558
617 2456962 2461459
616 2452223 2456961
615 2447437 2452222
614 2444856 2447436
613 2442930 2444855
612 2437677 2442929
611 2435072 2437676
610 2431894 2435071
609 2425065 2431893
607 2423840 2425064
606 2421411 2423839
605 2418738 2421410
604 2416773 2418737
603 2415524 2416772
602 2409998 2415523
601 2408694 2409997
600 2408100 2408693
599 2405747 2408099
598 2404293 2405746
597 2403154 2404292
596 2401617 2403153
595 2400238 2401616
594 2397059 2400237
593 2394260 2397058
592 2392131 2394259
591 2390641 2392130
590 2390117 2390640
589 2385871 2390116
588 2385424 2385870
587 2382729 2385423
586 2376279 2382728
585 2375042 2376278
584 2370202 2375041
583 2369423 2370201
582 2368911 2369422
581 2367588 2368910
580 2364589 2367587
579 2362933 2364588
578 2359395 2362932
577 2358385 2359394
576 2354842 2358384
575 2348159 2354841
574 2346910 2348158
573 2345422 2346909
572 2342852 2345421
571 2341067 2342851
570 2340021 2341066
569 2332962 2340020
568 2332648 2332961
567 2327882 2332647
566 2326650 2327881
565 2324437 2326649
257 1093594 1094121
2614 8129893 8130892
256 1089667 1093593
2613 8128534 8129892
255 1084863 1089666
2612 8127399 8128533
254 1076272 1084862
2611 8126495 8127398
253 1071333 1076271
2610 8125341 8126494
252 1066081 1071332
2609 8123596 8125340
1360 3673720 3674333
251 1062111 1066080
2608 8121235 8123595
1359 3673088 3673719
250 1053349 1062110
2607 8120238 8121234
249 1050274 1053348
2606 8119256 8120237
1357 3672446 3673087
248 1040318 1050273
2605 8118394 8119255
247 1038767 1040317
2604 8117287 8118393
246 1035416 1038766
2603 8116036 8117286
245 1031261 1035415
2602 8113329 8116035
1352 3671166 3671799
243 1030484 1031260
2600 8107942 8110510
1351 3670529 3671165
242 1029249 1030483
2599 8106709 8107941
1350 3669904 3670528
241 1020980 1029248
1349 3669279 3669903
240 1018005 1020979
2597 8104737 8106708
1348 3668668 3669278
239 1015270 1018004
2596 8101885 8104736
238 1012773 1015269
2595 8096591 8101884
237 1007648 1012772
2594 8092622 8096590
236 1002959 1007647
2593 8061692 8092621
235 997492 1002958
2592 8058935 8061691
234 993397 997491
2591 8055229 8058934
1342 3668020 3668667
233 990222 993396
2590 8050788 8055228
232 984786 990221
2589 8044211 8050787
1340 3667384 3668019
231 980165 984785
2588 8038994 8044210
230 977214 980164
2587 8031667 8038993
1338 3666756 3667383
229 974257 977213
2586 8030689 8031666
228 972123 974256
227 969770 972122
2584 8027216 8030688
226 961965 969769
1334 3666141 3666755
225 956394 961964
2582 8025249 8027215
224 952301 956393
2581 8022856 8025248
222 947905 952300
221 943327 947904
220 935373 943326
2577 8017624 8021511
1328 3665457 3666140
219 934227 935372
2576 8016238 8017623
218 930099 934226
2575 8013122 8016237
217 926673 930098
2574 8011669 8013121
1325 3664827 3665456
216 922223 926672
2573 8009839 8011668
1324 3664203 3664826
215 916950 922222
2572 8007419 8009838
1323 3663591 3664202
214 912319 916949
2571 7994821 8007418
1322 3662961 3663590
213 909028 912318
2570 7990211 7994820
1321 3662335 3662960
212 905417 909027
2569 7982853 7990210
211 898523 905416
2568 7981385 7982852
1319 3661715 3662334
210 894682 898522
2567 7979614 7981384
1318 3661031 3661714
209 890310 894681
1317 3660376 3661030
208 886058 890309
2565 7977994 7979613
1316 3659720 3660375
207 879834 886057
2564 7975138 7977993
1315 3659076 3659719
206 877813 879833
2563 7955051 7975137
1314 3658432 3659075
205 875143 877812
2562 7952021 7955050
1313 3657790 3658431
204 867350 875142
2561 7949573 7952020
1312 3657125 3657789
203 864893 867349
2560 7944379 7949572
1311 3656440 3657124
202 861753 864892
1310 3655787 3656439
201 859778 861752
2558 7942189 7944378
1309 3655131 3655786
200 858287 859777
199 856305 858286
198 854546 856304
2555 7939839 7942188
197 851938 854545
2554 7938614 7939838
196 847012 851937
2553 7926983 7938613
195 845609 847011
2552 7920854 7926982
1303 3654506 3655130
194 841576 845608
2551 7915843 7920853
1301 3653837 3654505
192 837509 841575
2549 7913852 7915252
191 835678 837508
2548 7911413 7913851
1299 3653206 3653836
190 832394 835677
2547 7909179 7911412
1297 3652600 3653205
188 831444 832393
1296 3651918 3652599
187 830418 831443
2544 7906223 7907964
186 823034 830417
2543 7904408 7906222
185 821545 823033
1293 3651302 3651917
184 819509 821544
2541 7898618 7904407
183 815720 819508
2540 7895972 7898617
181 813530 815719
2538 7894080 7895156
1289 3650643 3651301
180 810136 813529
2537 7892005 7894079
1288 3650013 3650642
179 806528 810135
2536 7889236 7892004
1287 3649373 3650012
178 796380 806527
2535 7884764 7889235
1286 3648743 3649372
177 788447 796379
2534 7878891 7884763
1285 3648118 3648742
176 782592 788446
2533 7873452 7878890
175 777119 782591
2532 7870518 7873451
174 774909 777118
2531 7866149 7870517
1282 3647487 3648117
173 771088 774908
2530 7863624 7866148
172 758580 771087
2529 7862481 7863623
1280 3646854 3647486
171 752883 758579
2528 7860935 7862480
170 744769 752882
2527 7858374 7860934
168 741794 744768
2525 7853254 7857673
167 737958 741793
2524 7851946 7853253
166 724218 737957
2523 7846224 7851945
165 719440 724217
2522 7843999 7846223
1273 3646245 3646853
164 713576 719439
2521 7841112 7843998
163 710487 713575
2520 7831934 7841111
162 704604 710486
2519 7828642 7831933
161 701752 704603
2518 7827993 7828641
160 698320 701751
2517 7826476 7827992
159 694655 698319
1267 3645626 3646244
158 687650 694654
157 682925 687649
155 672760 682924
2512 7810037 7819113
154 671168 672759
2511 7804951 7810036
153 668077 671167
2510 7802099 7804950
151 665812 668076
2508 7794983 7795778
150 663318 665811
2507 7793828 7794982
149 650012 663317
2506 7792883 7793827
148 647425 650011
147 644526 647424
2504 7791892 7792882
146 642085 644525
2503 7785565 7791891
1254 3644376 3645009
145 640205 642084
2502 7782441 7785564
144 638100 640204
2501 7780437 7782440
143 636479 638099
2500 7778466 7780436
1251 3643746 3644375
142 634263 636478
2499 7774714 7778465
1250 3643123 3643745
141 624220 634262
2498 7773904 7774713
1249 3642512 3643122
140 619431 624219
2497 7768104 7773903
139 611452 619430
2496 7763816 7768103
138 606471 611451
2495 7753681 7763815
137 597619 606470
2494 7750931 7753680
136 592844 597618
2493 7743641 7750930
135 590167 592843
2492 7742019 7743640
134 586160 590166
2491 7737916 7742018
133 584163 586159
59 246524 253535
2416 7453997 7455586
58 238829 246523
2415 7451116 7453996
1166 3618831 3619444
57 236289 238828
2414 7444696 7451115
1165 3618198 3618830
56 232578 236288
2413 7440481 7444695
55 232375 232577
2412 7430950 7440480
1163 3617547 3618197
54 228763 232374
2411 7428011 7430949
1162 3616954 3617546
53 226900 228762
2410 7420817 7428010
52 225573 226899
2409 7419788 7420816
1160 3616327 3616953
51 220260 225572
2408 7413452 7419787
1157 3615058 3615687
48 209604 220259
2405 7397799 7402963
1156 3614432 3615057
47 207653 209603
2404 7394196 7397798
1155 3613819 3614431
46 204498 207652
2403 7392153 7394195
45 199998 204497
2402 7380608 7392152
44 197233 199997
2401 7372527 7380607
43 188431 197232
2400 7367699 7372526
1150 3613168 3613818
41 186501 188430
2398 7357375 7366100
40 184463 186500
2397 7352803 7357374
39 178670 184462
38 177015 178669
2395 7350013 7352802
37 173990 177014
2394 7348408 7350012
1145 3612545 3613167
36 169187 173989
2393 7338757 7348407
1144 3611922 3612544
35 167027 169186
2392 7332292 7338756
34 155491 167026
2391 7328755 7332291
1141 3610620 3611270
32 145854 155490
2389 7317187 7324179
1140 3610002 3610619
31 141161 145853
2388 7306740 7317186
1139 3609369 3610001
30 137454 141160
2387 7303054 7306739
270 1177586 1186069
2627 8163523 8166825
13 53775 73116
2370 7236503 7240259
554 2295997 2298053
269 1174996 1177585
2626 8157638 8163522
12 44110 53774
2369 7223114 7236502
553 2284435 2295996
268 1156408 1174995
2625 8154304 8157637
11 41376 44109
2368 7219958 7223113
552 2282893 2284434
267 1133490 1156407
2624 8150006 8154303
10 38739 41375
2367 7211092 7219957
266 1132516 1133489
9 31147 38738
2366 7205959 7211091
550 2280592 2282892
265 1129149 1132515
2622 8146377 8150005
8 27721 31146
2365 7201694 7205958
549 2279233 2280591
264 1126569 1129148
2621 8145313 8146376
7 25676 27720
2364 7200035 7201693
548 2278723 2279232
263 1120093 1126568
2620 8142312 8145312
1115 3603751 3604401
6 21657 25675
2363 7196238 7200034
547 2277377 2278722
262 1112869 1120092
2619 8139492 8142311
1114 3603114 3603750
5 12710 21656
2362 7194029 7196237
546 2275336 2277376
132 576461 584162
2489 7736635 7737915
63 272000 274819
2420 7463669 7469218
261 1107037 1112868
2618 8136748 8139491
4 9380 12709
2361 7174943 7194028
545 2273738 2275335
131 570215 576460
2488 7729365 7736634
1171 3620067 3620697
62 268840 271999
2419 7461901 7463668
260 1103216 1107036
2617 8135471 8136747
1112 3602414 3603113
3 3426 9379
2360 7167240 7174942
544 2272074 2273737
130 568581 570214
2487 7723589 7729364
61 260031 268839
2418 7458504 7461900
259 1098815 1103215
2616 8132844 8135470
2 2697 3425
543 2267148 2272073
1238 3641858 3642511
129 564115 568580
2486 7721740 7723588
1169 3619445 3620066
60 253536 260030
2417 7455587 7458503
258 1094122 1098814
2615 8130893 8132843
1110 3601779 3602413
1 0 2696
2358 7165938 7167239
542 2260135 2267147
1237 3641241 3641857
128 562138 564114
2485 7713167 7721739
14 73117 76229
555 2298054 2298873
15 76230 78979
2372 7240260 7246646
556 2298874 2299795
16 78980 84352
2373 7246647 7255369
557 2299796 2300858
1126 3604402 3605014
17 84353 86610
2374 7255370 7261149
558 2300859 2302686
18 86611 90874
2375 7261150 7263328
559 2302687 2303405
1128 3605015 3605607
19 90875 97467
560 2303406 2314980
20 97468 98434
2377 7263329 7264554
561 2314981 2316766
21 98435 103320
2378 7264555 7268430
562 2316767 2319734
22 103321 111605
2379 7268431 7274807
563 2319735 2323483
1132 3605608 3606222
23 111606 116957
2380 7274808 7276484
564 2323484 2324436
1133 3606223 3606845
24 116958 123640
2381 7276485 7279936
1134 3606846 3607475
25 123641 124567
2382 7279937 7282754
1135 3607476 3608112
26 124568 128359
2383 7282755 7289059
1136 3608113 3608742
27 128360 131315
2384 7289060 7294467
1137 3608743 3609368
28 131316 134906
2385 7294468 7296286
29 134907 137453
2386 7296287 7303053
64 274820 276672
2421 7469219 7478286
65 276673 283742
66 283743 287163
2423 7478287 7480575
1176 3620698 3621318
67 287164 289823
2424 7480576 7488991
68 289824 290995
2425 7488992 7495785
69 290996 302641
2426 7495786 7502241
70 302642 313491
2427 7502242 7505926
71 313492 323402
2428 7505927 7509304
72 323403 330348
2429 7509305 7512188
1182 3621319 3621942
73 330349 339294
2430 7512189 7515598
1183 3621943 3622572
74 339295 341596
2431 7515599 7516064
1184 3622573 3623213
75 341597 342125
2432 7516065 7518228
1185 3623214 3623844
76 342126 344909
1186 3623845 3624472
77 344910 345541
78 345542 351923
2435 7518229 7521134
79 351924 356232
80 356233 358563
2437 7521135 7523826
1190 3624473 3625157
81 358564 367765
2438 7523827 7530383
82 367766 374295
2439 7530384 7539801
84 374296 381718
1194 3625158 3625775
85 381719 384460
2442 7548237 7557925
86 384461 392153
2443 7557926 7568196
87 392154 396637
2444 7568197 7576149
88 396638 399586
2445 7576150 7581618
89 399587 405905
2446 7581619 7587857
1199 3625776 3626449
90 405906 415168
91 415169 418151
2448 7587858 7591403
1201 3626450 3627115
92 418152 422546
2449 7591404 7595388
93 422547 426453
1203 3627116 3627738
94 426454 428178
2451 7595389 7596941
95 428179 434705
2452 7596942 7598599
96 434706 440189
2453 7598600 7601746
97 440190 445432
2454 7601747 7605255
98 445433 453471
1208 3627739 3628405
99 453472 455318
1209 3628406 3629047
100 455319 458148
2457 7605256 7611187
1210 3629048 3629706
101 458149 464864
1211 3629707 3630360
102 464865 473086
2459 7611188 7615776
1212 3630361 3631018
103 473087 476804
2460 7615777 7619255
1213 3631019 3631664
104 476805 481827
2461 7619256 7630854
1214 3631665 3632325
105 481828 485330
2462 7630855 7636001
1215 3632326 3632980
106 485331 487221
1216 3632981 3633639
107 487222 488215
2464 7636002 7640802
1217 3633640 3634296
108 488216 489628
2465 7640803 7641868
1218 3634297 3634929
109 489629 490800
2466 7641869 7646030
110 490801 492901
2467 7646031 7649683
111 492902 494202
2468 7649684 7653121
1221 3634930 3635555
112 494203 495942
1222 3635556 3636170
113 495943 497752
1223 3636171 3636794
114 497753 499936
2471 7653122 7657674
1224 3636795 3637419
115 499937 501742
2472 7657675 7665655
1225 3637420 3638059
116 501743 509411
2473 7665656 7667896
1226 3638060 3638689
117 509412 527768
2474 7667897 7673429
1227 3638690 3639348
118 527769 531649
2475 7673430 7677802
119 531650 536062
2476 7677803 7684329
120 536063 539410
2477 7684330 7689114
121 539411 542961
2478 7689115 7691277
1231 3639349 3639967
122 542962 553476
2479 7691278 7693416
123 553477 557543
2480 7693417 7694905
124 557544 558764
2481 7694906 7698214
1234 3639968 3640607
125 558765 559660
2482 7698215 7702805
126 559661 561168
2483 7702806 7706935
1236 3640608 3641240
127 561169 562137
2484 7706936 7713166
271 1186070 1187722
2628 8166826 8167749
272 1187723 1190123
2629 8167750 8170080
273 1190124 1197266
2630 8170081 8174711
274 1197267 1200612
275 1200613 1211633
2632 8174712 8175509
276 1211634 1214515
2633 8175510 8181318
277 1214516 1218033
2634 8181319 8182556
278 1218034 1221262
2635 8182557 8188575
279 1221263 1226105
2636 8188576 8189453
280 1226106 1233377
2637 8189454 8191075
281 1233378 1240287
2638 8191076 8191952
282 1240288 1246486
2639 8191953 8195230
283 1246487 1247567
2640 8195231 8201651
284 1247568 1250359
2641 8201652 8202481
285 1250360 1253812
2642 8202482 8205905
286 1253813 1254865
2643 8205906 8209946
287 1254866 1257309
2644 8209947 8211197
288 1257310 1258869
2645 8211198 8212282
289 1258870 1265220
2646 8212283 8214088
291 1265221 1267324
2648 8215628 8218128
292 1267325 1280284
2649 8218129 8220628
293 1280285 1286761
2650 8220629 8222380
294 1286762 1289646
2651 8222381 8223763
295 1289647 1294685
2652 8223764 8226677
296 1294686 1296655
2653 8226678 8229118
297 1296656 1305707
2654 8229119 8230690
298 1305708 1312278
2655 8230691 8232555
299 1312279 1314765
2656 8232556 8233640
300 1314766 1321218
2657 8233641 8234595
302 1321219 1323649
2659 8237964 8239925
303 1323650 1325705
2660 8239926 8241858
304 1325706 1328231
2661 8241859 8244086
305 1328232 1331683
2662 8244087 8246044
306 1331684 1334161
2663 8246045 8249172
307 1334162 1336694
2664 8249173 8250970
308 1336695 1356976
2665 8250971 8254171
309 1356977 1365389
310 1365390 1369775
2667 8254172 8254692
311 1369776 1374265
2668 8254693 8255801
312 1374266 1378424
2669 8255802 8256615
313 1378425 1379973
2670 8256616 8259187
314 1379974 1384474
2671 8259188 8260248
315 1384475 1385853
2672 8260249 8262532
316 1385854 1387050
2673 8262533 8264398
317 1387051 1388545
2674 8264399 8265826
318 1388546 1395988
2675 8265827 8266554
319 1395989 1398183
2676 8266555 8268235
320 1398184 1416225
2677 8268236 8270777
321 1416226 1425120
2678 8270778 8272347
322 1425121 1430812
2679 8272348 8274637
323 1430813 1434852
2680 8274638 8277030
324 1434853 1438429
2681 8277031 8279283
325 1438430 1440498
2682 8279284 8280354
326 1440499 1456887
2683 8280355 8282878
327 1456888 1461363
2684 8282879 8284308
328 1461364 1462532
2685 8284309 8288498
329 1462533 1464475
2686 8288499 8290611
330 1464476 1465844
2687 8290612 8292405
331 1465845 1474036
332 1474037 1479224
2689 8292406 8296622
333 1479225 1486084
2690 8296623 8297163
334 1486085 1488029
2691 8297164 8297997
335 1488030 1496250
2692 8297998 8300565
336 1496251 1503828
2693 8300566 8304808
337 1503829 1512350
2694 8304809 8308370
338 1512351 1517344
2695 8308371 8309278
339 1517345 1524105
340 1524106 1539213
2697 8309279 8312796
341 1539214 1546771
2698 8312797 8314021
342 1546772 1551869
2699 8314022 8316420
343 1551870 1553255
2700 8316421 8319078
344 1553256 1554842
2701 8319079 8324079
345 1554843 1557011
2702 8324080 8330625
346 1557012 1558374
347 1558375 1559208
2704 8330626 8334866
348 1559209 1565596
349 1565597 1567745
350 1567746 1576059
351 1576060 1580299
2708 8334867 8343517
352 1580300 1582192
2709 8343518 8347559
353 1582193 1587446
2710 8347560 8355097
354 1587447 1592932
2711 8355098 8393671
355 1592933 1602065
2712 8393672 8399117
356 1602066 1606774
2713 8399118 8416995
357 1606775 1616316
358 1616317 1620105
2715 8416996 8419770
359 1620106 1621195
2716 8419771 8430317
360 1621196 1622637
2717 8430318 8434106
361 1622638 1624012
2718 8434107 8438840
362 1624013 1633108
2719 8438841 8444254
363 1633109 1633421
2720 8444255 8449086
364 1633422 1635166
2721 8449087 8454338
365 1635167 1635951
2722 8454339 8461070
366 1635952 1637423
2723 8461071 8467561
367 1637424 1649993
2724 8467562 8472246
368 1649994 1658043
2725 8472247 8476402
369 1658044 1662138
2726 8476403 8485361
370 1662139 1667155
2727 8485362 8493772
371 1667156 1671635
2728 8493773 8499261
372 1671636 1680592
373 1680593 1682826
2730 8499262 8506711
374 1682827 1688207
2731 8506712 8514622
375 1688208 1691149
2732 8514623 8520276
376 1691150 1694276
2733 8520277 8525640
377 1694277 1695974
2734 8525641 8530111
378 1695975 1704082
2735 8530112 8535077
379 1704083 1707788
380 1707789 1721976
381 1721977 1725275
382 1725276 1729168
383 1729169 1733497
384 1733498 1745106
385 1745107 1746052
386 1746053 1754072
2743 8535078 8541416
387 1754073 1760354
388 1760355 1761152
389 1761153 1766850
2746 8541417 8544903
390 1766851 1782566
391 1782567 1783498
392 1783499 1789579
393 1789580 1790272
394 1790273 1795549
2751 8544904 8549153
395 1795550 1803627
2752 8549154 8557378
396 1803628 1805084
2753 8557379 8565247
397 1805085 1809463
2754 8565248 8573256
398 1809464 1810180
2755 8573257 8580572
399 1810181 1819109
2756 8580573 8582207
400 1819110 1820485
401 1820486 1826848
402 1826849 1830439
2759 8582208 8586821
403 1830440 1837307
2760 8586822 8596276
404 1837308 1847497
2761 8596277 8601591
405 1847498 1849683
406 1849684 1853366
407 1853367 1855710
408 1855711 1859426
409 1859427 1862381
2766 8601592 8607152
410 1862382 1866163
411 1866164 1867793
412 1867794 1877940
413 1877941 1880092
414 1880093 1885087
415 1885088 1887515
416 1887516 1889037
2773 8607153 8625589
417 1889038 1897003
418 1897004 1903806
2775 8625590 8630959
419 1903807 1908267
2776 8630960 8634364
420 1908268 1917893
421 1917894 1924314
422 1924315 1930060
423 1930061 1932946
424 1932947 1938637
425 1938638 1949096
426 1949097 1953420
427 1953421 1959594
428 1959595 1964242
429 1964243 1966527
430 1966528 1969967
431 1969968 1978882
432 1978883 1980698
433 1980699 1986449
434 1986450 1990507
435 1990508 1994570
437 1994571 1994947
438 1994948 1996813
439 1996814 2004226
440 2004227 2008685
441 2008686 2011124
442 2011125 2012877
443 2012878 2015974
444 2015975 2019510
445 2019511 2022312
446 2022313 2027561
447 2027562 2028747
448 2028748 2029919
449 2029920 2033043
450 2033044 2040674
451 2040675 2048338
452 2048339 2049537
453 2049538 2055583
454 2055584 2057285
455 2057286 2059624
456 2059625 2064472
457 2064473 2066205
458 2066206 2069572
459 2069573 2071509
460 2071510 2072690
461 2072691 2075341
462 2075342 2076021
463 2076022 2078831
464 2078832 2084051
466 2084052 2085717
467 2085718 2088561
468 2088562 2092733
469 2092734 2093994
470 2093995 2095115
471 2095116 2096743
472 2096744 2097935
473 2097936 2099607
474 2099608 2100441
475 2100442 2101316
476 2101317 2105153
477 2105154 2105993
478 2105994 2109117
479 2109118 2116972
480 2116973 2119529
481 2119530 2121045
482 2121046 2124216
483 2124217 2125384
484 2125385 2128093
485 2128094 2130454
486 2130455 2131810
487 2131811 2132849
489 2132850 2135931
490 2135932 2137405
491 2137406 2145768
492 2145769 2147241
493 2147242 2149307
494 2149308 2150273
495 2150274 2151949
496 2151950 2153584
497 2153585 2154508
499 2154509 2164164
500 2164165 2168133
501 2168134 2169615
502 2169616 2172882
503 2172883 2174088
504 2174089 2175870
505 2175871 2180429
506 2180430 2181514
507 2181515 2185740
508 2185741 2187569
509 2187570 2189720
511 2189721 2194681
512 2194682 2197316
513 2197317 2199921
514 2199922 2200286
515 2200287 2201817
516 2201818 2203321
517 2203322 2205514
518 2205515 2207011
519 2207012 2208096
520 2208097 2210767
521 2210768 2211786
522 2211787 2212119
524 2212120 2213407
525 2213408 2214304
526 2214305 2218226
527 2218227 2219570
528 2219571 2222702
529 2222703 2225329
531 2225330 2226622
532 2226623 2227864
533 2227865 2230366
534 2230367 2231567
535 2231568 2239720
536 2239721 2240314
537 2240315 2241653
538 2241654 2249072
539 2249073 2252944
540 2252945 2256663
541 2256664 2260134
1365 3674334 3674969
1367 3674970 3675622
1368 3675623 3676274
1370 3676275 3676869
1372 3676870 3677523
1376 3677524 3678137
1379 3678138 3678769
1381 3678770 3679386
1383 3679387 3680005
1389 3680006 3680635
1390 3680636 3681324
1391 3681325 3681958
1392 3681959 3682608
1393 3682609 3683272
1394 3683273 3683922
1395 3683923 3684555
1396 3684556 3685207
1397 3685208 3685863
1398 3685864 3686504
1399 3686505 3687158
1400 3687159 3687809
1401 3687810 3689430
1403 3689431 3692248
1404 3692249 3693193
1405 3693194 3694315
1406 3694316 3709890
1407 3709891 3716320
1408 3716321 3730281
1409 3730282 3731015
1411 3731016 3733064
1412 3733065 3735670
1413 3735671 3738452
1414 3738453 3740227
1415 3740228 3760288
1416 3760289 3769324
1417 3769325 3772893
1418 3772894 3776444
1419 3776445 3779836
1421 3779837 3783195
1422 3783196 3783622
1423 3783623 3786166
1427 3786167 3790271
1429 3790272 3793237
1430 3793238 3794163
1433 3794164 3798006
1435 3798007 3826639
1436 3826640 3830850
1437 3830851 3838248
1438 3838249 3847576
1439 3847577 3877885
1440 3877886 3897565
1441 3897566 3898512
1442 3898513 3899125
1443 3899126 3901446
1444 3901447 3903057
1445 3903058 3908019
1446 3908020 3911331
1447 3911332 3915376
1448 3915377 3917873
1449 3917874 3922461
1450 3922462 3923602
1451 3923603 3925602
1452 3925603 3926268
1453 3926269 3926686
1454 3926687 3936602
1455 3936603 3938899
1456 3938900 3939749
1458 3939750 3943288
1459 3943289 3944216
1460 3944217 3946798
1461 3946799 3949918
1462 3949919 3950245
1463 3950246 3957456
1464 3957457 3976484
1465 3976485 3982183
1466 3982184 3983482
1467 3983483 3985658
1468 3985659 3988002
1469 3988003 3990607
1473 3990608 3994251
1475 3994252 3996606
1476 3996607 4018698
1477 4018699 4019547
1478 4019548 4019939
1479 4019940 4021087
1480 4021088 4024928
1481 4024929 4026060
1482 4026061 4029595
1483 4029596 4032842
1484 4032843 4034416
1485 4034417 4035759
1486 4035760 4037772
1487 4037773 4039926
1489 4039927 4041236
1490 4041237 4045128
1491 4045129 4045677
1492 4045678 4052144
1493 4052145 4054715
1494 4054716 4058384
1495 4058385 4059201
1496 4059202 4060469
1497 4060470 4062883
1498 4062884 4063569
1499 4063570 4064354
1500 4064355 4069368
1501 4069369 4077873
1502 4077874 4082097
1503 4082098 4085322
1504 4085323 4098179
1505 4098180 4102753
1506 4102754 4105124
1507 4105125 4107551
1508 4107552 4108210
1509 4108211 4109586
1510 4109587 4119668
1511 4119669 4141429
1512 4141430 4142300
1513 4142301 4145813
1514 4145814 4149647
1515 4149648 4151069
1516 4151070 4152136
1517 4152137 4157895
1518 4157896 4159107
1519 4159108 4160017
1521 4160018 4161372
1522 4161373 4179097
1523 4179098 4188570
1524 4188571 4191413
1525 4191414 4195383
1526 4195384 4196738
1527 4196739 4201336
1528 4201337 4207291
1529 4207292 4208350
1531 4208351 4210651
1532 4210652 4218816
1533 4218817 4222070
1534 4222071 4223911
1535 4223912 4224440
1536 4224441 4225987
1537 4225988 4228262
1538 4228263 4232069
1539 4232070 4238002
1540 4238003 4239331
1541 4239332 4242498
1542 4242499 4243737
1543 4243738 4245050
1544 4245051 4246153
1545 4246154 4251688
1546 4251689 4252617
1547 4252618 4256980
1548 4256981 4257322
1549 4257323 4266196
1550 4266197 4269785
1551 4269786 4271390
1552 4271391 4272727
1553 4272728 4279121
1554 4279122 4283192
1555 4283193 4284441
1556 4284442 4287383
1557 4287384 4290038
1558 4290039 4291816
1559 4291817 4295925
1560 4295926 4308740
1561 4308741 4310213
1562 4310214 4314241
1563 4314242 4317819
1564 4317820 4319182
1565 4319183 4320268
1566 4320269 4324225
1567 4324226 4331096
1569 4331097 4332678
1570 4332679 4334194
1571 4334195 4335645
1572 4335646 4338074
1573 4338075 4340230
1574 4340231 4341975
1575 4341976 4343737
1576 4343738 4344890
1577 4344891 4346524
1578 4346525 4347327
1579 4347328 4354346
1580 4354347 4362472
1581 4362473 4363947
1582 4363948 4365028
1583 4365029 4369693
1584 4369694 4372113
1585 4372114 4373276
1586 4373277 4379708
1587 4379709 4381476
1588 4381477 4389025
1589 4389026 4391188
1590 4391189 4397574
1591 4397575 4401563
1592 4401564 4402952
1593 4402953 4411281
1594 4411282 4418171
1595 4418172 4427696
1596 4427697 4431334
1597 4431335 4433555
1598 4433556 4436942
1599 4436943 4441666
1600 4441667 4443343
1601 4443344 4448456
1602 4448457 4458254
1603 4458255 4459913
1604 4459914 4460661
1605 4460662 4461394
1606 4461395 4464321
1607 4464322 4466198
1608 4466199 4468516
1609 4468517 4471705
1610 4471706 4474604
1611 4474605 4477566
1612 4477567 4480580
1613 4480581 4483024
1614 4483025 4485499
1615 4485500 4488043
1616 4488044 4488903
1617 4488904 4490505
1618 4490506 4496341
1619 4496342 4498925
1620 4498926 4500219
1621 4500220 4502270
1622 4502271 4503856
1623 4503857 4506760
1624 4506761 4512569
1625 4512570 4513770
1626 4513771 4516598
1627 4516599 4518448
1628 4518449 4519691
1629 4519692 4520818
1630 4520819 4522602
1631 4522603 4528600
1633 4528601 4532046
1634 4532047 4533647
1635 4533648 4534266
1636 4534267 4536976
1637 4536977 4537881
1638 4537882 4543648
1639 4543649 4548865
1640 4548866 4550484
1641 4550485 4551254
1642 4551255 4552053
1643 4552054 4554544
1644 4554545 4560350
1645 4560351 4564095
1646 4564096 4567816
1651 4567817 4571876
1655 4571877 4575720
1662 4575721 4576355
1663 4576356 4582181
1664 4582182 4582872
1665 4582873 4585683
1666 4585684 4588557
1667 4588558 4589656
1668 4589657 4590938
1669 4590939 4598525
1670 4598526 4600016
1671 4600017 4602319
1672 4602320 4604422
1673 4604423 4605886
1674 4605887 4606876
1675 4606877 4608585
1676 4608586 4611214
1677 4611215 4613130
1678 4613131 4630177
1679 4630178 4631730
1680 4631731 4636584
1681 4636585 4638699
1682 4638700 4641525
1683 4641526 4647811
1684 4647812 4648351
1685 4648352 4652391
1686 4652392 4654439
1687 4654440 4655658
1688 4655659 4660323
1689 4660324 4661183
1690 4661184 4663307
1691 4663308 4665209
1692 4665210 4669398
1693 4669399 4674100
1694 4674101 4683344
1695 4683345 4687481
1696 4687482 4690194
1697 4690195 4691045
1698 4691046 4691861
1699 4691862 4692776
1700 4692777 4693835
1701 4693836 4694873
1702 4694874 4695967
1704 4695968 4698136
1705 4698137 4700076
1707 4700077 4706291
1708 4706292 4709927
1709 4709928 4710566
1710 4710567 4712411
1711 4712412 4715500
1712 4715501 4716766
1713 4716767 4719075
1714 4719076 4720196
1715 4720197 4723684
1716 4723685 4727804
1717 4727805 4732140
1718 4732141 4738436
1719 4738437 4742199
1720 4742200 4742919
1721 4742920 4747204
1722 4747205 4751293
1723 4751294 4751838
1724 4751839 4752845
1725 4752846 4754437
1726 4754438 4758100
1727 4758101 4761697
1728 4761698 4766509
1729 4766510 4769215
1730 4769216 4771302
1731 4771303 4774441
1732 4774442 4775251
1733 4775252 4782441
1734 4782442 4783396
1735 4783397 4786552
1736 4786553 4788945
1737 4788946 4791627
1739 4791628 4794185
1740 4794186 4798264
1741 4798265 4800314
1742 4800315 4802184
1743 4802185 4806628
1744 4806629 4808059
1745 4808060 4812492
1746 4812493 4816382
1747 4816383 4822071
1748 4822072 4828744
1749 4828745 4833283
1751 4833284 4834561
1752 4834562 4837418
1753 4837419 4843870
1754 4843871 4846417
1755 4846418 4849873
1756 4849874 4852594
1757 4852595 4854879
1758 4854880 4865387
1759 4865388 4866159
1760 4866160 4875283
1762 4875284 4877496
1763 4877497 4880025
1764 4880026 4882424
1765 4882425 4884802
1766 4884803 4886157
1767 4886158 4887301
1768 4887302 4890255
1769 4890256 4900435
1770 4900436 4901720
1771 4901721 4905697
1772 4905698 4906830
1773 4906831 4907295
1774 4907296 4918099
1775 4918100 4919943
1776 4919944 4923315
1777 4923316 4926666
1778 4926667 4930257
1779 4930258 4939958
1780 4939959 4942151
1781 4942152 4943271
1782 4943272 4944060
1783 4944061 4945123
1784 4945124 4946964
1785 4946965 4955494
1786 4955495 4958958
1787 4958959 4965312
1788 4965313 4970135
1789 4970136 4975754
1790 4975755 4977469
1791 4977470 4982838
1792 4982839 4984538
1793 4984539 4986257
1794 4986258 4993068
1795 4993069 4995861
1796 4995862 4997366
1797 4997367 4999441
1798 4999442 5002030
1799 5002031 5004616
1800 5004617 5008405
1801 5008406 5011547
1802 5011548 5016722
1803 5016723 5022288
1804 5022289 5026988
1805 5026989 5032525
1806 5032526 5034404
1807 5034405 5038287
1808 5038288 5044368
1810 5044369 5048804
1811 5048805 5049777
1812 5049778 5050567
1813 5050568 5054741
1814 5054742 5057412
1815 5057413 5060372
1816 5060373 5061626
1817 5061627 5063573
1818 5063574 5065893
1819 5065894 5068631
1820 5068632 5070937
1821 5070938 5072230
1822 5072231 5076931
1823 5076932 5081513
1824 5081514 5085092
1825 5085093 5088224
1826 5088225 5092330
1827 5092331 5096835
1828 5096836 5099610
1829 5099611 5103433
1830 5103434 5105743
1831 5105744 5107484
1832 5107485 5109783
1833 5109784 5130283
1834 5130284 5133595
1835 5133596 5137679
1836 5137680 5139598
1837 5139599 5148332
1838 5148333 5151010
1839 5151011 5156327
1840 5156328 5161676
1841 5161677 5165365
1842 5165366 5169535
1843 5169536 5175467
1844 5175468 5178496
1845 5178497 5183958
1846 5183959 5185696
1847 5185697 5188317
1848 5188318 5193349
1849 5193350 5198138
1850 5198139 5201450
1851 5201451 5206870
1852 5206871 5212361
1853 5212362 5216639
1854 5216640 5219177
1855 5219178 5223589
1856 5223590 5230989
1858 5230990 5235720
1860 5235721 5236622
1861 5236623 5237415
1862 5237416 5239649
1863 5239650 5241428
1864 5241429 5242365
1865 5242366 5244204
1866 5244205 5256341
1867 5256342 5260776
1869 5260777 5267664
1870 5267665 5277645
1871 5277646 5278761
1872 5278762 5288706
1873 5288707 5292086
1874 5292087 5293488
1875 5293489 5297004
1876 5297005 5302370
1877 5302371 5307036
1878 5307037 5312577
1882 5312578 5315156
1885 5315157 5320325
1886 5320326 5325581
1887 5325582 5326895
1888 5326896 5336268
1889 5336269 5339556
1891 5339557 5341103
1892 5341104 5344422
1893 5344423 5346303
1894 5346304 5349579
1895 5349580 5354691
1896 5354692 5356822
1897 5356823 5362653
1898 5362654 5364954
1899 5364955 5369170
1900 5369171 5374087
1901 5374088 5374852
1902 5374853 5378085
1903 5378086 5378855
1904 5378856 5385075
1905 5385076 5391437
1906 5391438 5397177
1907 5397178 5407928
1908 5407929 5411724
1909 5411725 5413311
1910 5413312 5415463
1911 5415464 5425050
1912 5425051 5429365
1913 5429366 5435753
1914 5435754 5438804
1915 5438805 5444905
1916 5444906 5450987
1917 5450988 5452683
1918 5452684 5459158
1919 5459159 5462436
1920 5462437 5469149
1921 5469150 5478186
1922 5478187 5479614
1923 5479615 5482527
1924 5482528 5484305
1925 5484306 5487659
1926 5487660 5493679
1927 5493680 5500479
1928 5500480 5506785
1929 5506786 5513213
1930 5513214 5522916
1931 5522917 5532660
1932 5532661 5533844
1933 5533845 5534561
1934 5534562 5535711
1935 5535712 5539511
1936 5539512 5540183
1937 5540184 5545713
1938 5545714 5547108
1939 5547109 5549892
1940 5549893 5552213
1941 5552214 5557744
1942 5557745 5569965
1943 5569966 5572565
1944 5572566 5598654
1945 5598655 5602368
1946 5602369 5606407
1947 5606408 5618841
1948 5618842 5623246
1949 5623247 5627141
1950 5627142 5641796
1951 5641797 5654073
1952 5654074 5657752
1954 5657753 5666858
1955 5666859 5668665
1956 5668666 5669381
1957 5669382 5672616
1958 5672617 5675476
1959 5675477 5681299
1960 5681300 5690921
1961 5690922 5694968
1962 5694969 5696106
1963 5696107 5697895
1964 5697896 5703399
1965 5703400 5708000
1966 5708001 5712547
1967 5712548 5716945
1968 5716946 5718807
1969 5718808 5723181
1970 5723182 5726860
1971 5726861 5733028
1972 5733029 5737223
1973 5737224 5738332
1974 5738333 5739070
1975 5739071 5747918
1976 5747919 5751876
1977 5751877 5758887
1978 5758888 5760403
1979 5760404 5762885
1980 5762886 5763976
1981 5763977 5765005
1982 5765006 5766025
1983 5766026 5771356
1984 5771357 5782359
1985 5782360 5783110
1986 5783111 5783780
1987 5783781 5787802
1988 5787803 5797896
1989 5797897 5799209
1990 5799210 5802323
1991 5802324 5803179
1993 5803180 5803810
1994 5803811 5804802
1995 5804803 5805532
1996 5805533 5807289
1997 5807290 5819592
1998 5819593 5823923
2000 5823924 5827538
2001 5827539 5833211
2002 5833212 5835768
2003 5835769 5844355
2004 5844356 5851765
2005 5851766 5854189
2006 5854190 5855657
2007 5855658 5857305
2008 5857306 5859986
2009 5859987 5862575
2010 5862576 5864835
2011 5864836 5867906
2012 5867907 5869983
2013 5869984 5872978
2014 5872979 5879941
2015 5879942 5886310
2016 5886311 5893211
2017 5893212 5899991
2018 5899992 5903943
2019 5903944 5912076
2020 5912077 5919870
2021 5919871 5922994
2022 5922995 5924801
2023 5924802 5927792
2024 5927793 5929415
2025 5929416 5932448
2026 5932449 5935892
2027 5935893 5937760
2028 5937761 5939295
2029 5939296 5944074
2030 5944075 5945826
2031 5945827 5947352
2032 5947353 5949824
2033 5949825 5953447
2034 5953448 5955518
2035 5955519 5956984
2036 5956985 5959803
2037 5959804 5967628
2038 5967629 5970968
2039 5970969 5974601
2040 5974602 5983483
2041 5983484 5987224
2042 5987225 5990056
2043 5990057 5992265
2044 5992266 5995840
2045 5995841 5999342
2046 5999343 6001420
2047 6001421 6003027
2048 6003028 6004828
2049 6004829 6011195
2050 6011196 6014401
2051 6014402 6016643
2052 6016644 6018510
2053 6018511 6021939
2055 6021940 6023951
2056 6023952 6028108
2057 6028109 6030829
2058 6030830 6034593
2059 6034594 6036346
2060 6036347 6037890
2061 6037891 6039443
2062 6039444 6041068
2063 6041069 6044723
2064 6044724 6047463
2065 6047464 6051430
2066 6051431 6053816
2068 6053817 6056410
2069 6056411 6058787
2070 6058788 6061326
2071 6061327 6084584
2072 6084585 6087803
2073 6087804 6091424
2074 6091425 6097747
2075 6097748 6100839
2076 6100840 6104139
2077 6104140 6107552
2078 6107553 6112792
2079 6112793 6114407
2080 6114408 6116999
2081 6117000 6120421
2082 6120422 6122874
2083 6122875 6123955
2084 6123956 6126319
2085 6126320 6131403
2086 6131404 6135631
2088 6135632 6139409
2089 6139410 6142049
2090 6142050 6147470
2091 6147471 6149998
2092 6149999 6153788
2093 6153789 6154888
2094 6154889 6160203
2095 6160204 6161646
2096 6161647 6162861
2097 6162862 6164906
2098 6164907 6172350
2099 6172351 6175680
2100 6175681 6178218
2101 6178219 6179816
2102 6179817 6182902
2103 6182903 6184089
2104 6184090 6184681
2105 6184682 6186259
2106 6186260 6187908
2107 6187909 6189483
2108 6189484 6198312
2110 6198313 6202756
2111 6202757 6205691
2112 6205692 6206309
2113 6206310 6214009
2114 6214010 6218067
2115 6218068 6230632
2116 6230633 6235571
2117 6235572 6238109
2118 6238110 6242023
2120 6242024 6248347
2121 6248348 6250982
2122 6250983 6251296
2123 6251297 6253660
2124 6253661 6257531
2125 6257532 6260364
2126 6260365 6273940
2127 6273941 6281887
2128 6281888 6283811
2129 6283812 6286606
2130 6286607 6288552
2131 6288553 6290416
2132 6290417 6293902
2133 6293903 6296133
2134 6296134 6299206
2135 6299207 6301212
2136 6301213 6303056
2137 6303057 6305262
2138 6305263 6308214
2139 6308215 6311086
2140 6311087 6313031
2145 6313032 6315650
2146 6315651 6318986
2147 6318987 6321169
2148 6321170 6323095
2149 6323096 6324884
2150 6324885 6326985
2151 6326986 6331502
2152 6331503 6335415
2153 6335416 6339230
2154 6339231 6342252
2155 6342253 6344719
2156 6344720 6347301
2157 6347302 6349648
2158 6349649 6352036
2160 6352037 6352365
2161 6352366 6358245
2164 6358246 6368214
2165 6368215 6371037
2166 6371038 6372012
2167 6372013 6376451
2169 6376452 6376765
2170 6376766 6379979
2171 6379980 6382666
2172 6382667 6385060
2173 6385061 6387673
2174 6387674 6391257
2175 6391258 6395626
2176 6395627 6398252
2177 6398253 6403259
2178 6403260 6406024
2179 6406025 6414267
2180 6414268 6417035
2181 6417036 6423338
2182 6423339 6425800
2183 6425801 6427035
2184 6427036 6444891
2185 6444892 6454780
2186 6454781 6457756
2187 6457757 6461015
2188 6461016 6466918
2189 6466919 6470416
2190 6470417 6472373
2191 6472374 6475468
2192 6475469 6479978
2193 6479979 6484369
2194 6484370 6488104
2195 6488105 6491111
2196 6491112 6515702
2197 6515703 6527050
2198 6527051 6543390
2199 6543391 6574133
2200 6574134 6577934
2202 6577935 6581674
2203 6581675 6585927
2204 6585928 6589537
2205 6589538 6604147
2206 6604148 6607204
2207 6607205 6612029
2208 6612030 6616137
2209 6616138 6618763
2210 6618764 6621492
2212 6621493 6624965
2213 6624966 6644765
2214 6644766 6648768
2215 6648769 6650025
2216 6650026 6654202
2217 6654203 6657881
2218 6657882 6663233
2219 6663234 6667557
2220 6667558 6671355
2221 6671356 6675731
2222 6675732 6678804
2223 6678805 6680497
2224 6680498 6684805
2225 6684806 6688545
2227 6688546 6692546
2228 6692547 6696709
2229 6696710 6700256
2230 6700257 6703903
2231 6703904 6707712
2232 6707713 6711720
2233 6711721 6715195
2234 6715196 6719509
2236 6719510 6723276
2237 6723277 6727999
2238 6728000 6731506
2239 6731507 6735531
2240 6735532 6740311
2241 6740312 6744500
2242 6744501 6748455
2243 6748456 6751937
2244 6751938 6754786
2245 6754787 6757880
2246 6757881 6761016
2247 6761017 6765081
2248 6765082 6768352
2249 6768353 6787712
2250 6787713 6792070
2251 6792071 6795481
2252 6795482 6797038
2253 6797039 6800495
2254 6800496 6804014
2255 6804015 6823559
2256 6823560 6828236
2257 6828237 6829750
2258 6829751 6833167
2259 6833168 6838019
2260 6838020 6842169
2262 6842170 6843399
2263 6843400 6846856
2264 6846857 6852305
2265 6852306 6856084
2266 6856085 6861153
2268 6861154 6864446
2270 6864447 6868180
2271 6868181 6871664
2272 6871665 6874404
2274 6874405 6878054
2275 6878055 6881253
2276 6881254 6884807
2277 6884808 6903750
2278 6903751 6908270
2279 6908271 6912055
2280 6912056 6915680
2281 6915681 6917278
2282 6917279 6921611
2283 6921612 6922853
2284 6922854 6923789
2285 6923790 6926753
2286 6926754 6930828
2287 6930829 6934381
2288 6934382 6937233
2290 6937234 6939849
2291 6939850 6940962
2292 6940963 6945188
2293 6945189 6965006
2296 6965007 6968339
2297 6968340 6973158
2298 6973159 6976477
2300 6976478 6980128
2301 6980129 6984455
2302 6984456 6989926
2303 6989927 6992953
2304 6992954 6995712
2305 6995713 6999464
2306 6999465 7001598
2307 7001599 7005616
2308 7005617 7018765
2309 7018766 7021290
2310 7021291 7023219
2311 7023220 7026852
2312 7026853 7030728
2313 7030729 7034614
2314 7034615 7036521
2315 7036522 7041970
2316 7041971 7048857
2317 7048858 7051376
2318 7051377 7055969
2319 7055970 7062956
2320 7062957 7064470
2321 7064471 7066965
2322 7066966 7069649
2323 7069650 7070474
2324 7070475 7075846
2325 7075847 7076126
2326 7076127 7076975
2327 7076976 7080563
2328 7080564 7086500
2329 7086501 7087749
2330 7087750 7089145
2331 7089146 7092843
2333 7092844 7095241
2334 7095242 7097455
2335 7097456 7101243
2336 7101244 7105315
2337 7105316 7106255
2339 7106256 7107406
2340 7107407 7109201
2341 7109202 7111215
2342 7111216 7114353
2344 7114354 7122977
2345 7122978 7126955
2346 7126956 7130964
2347 7130965 7135603
2348 7135604 7139518
2349 7139519 7144160
2350 7144161 7145329
2351 7145330 7149557
2352 7149558 7152277
2353 7152278 7154005
2354 7154006 7155095
2355 7155096 7159147
2356 7159148 7163035
2357 7163036 7165937
2390 7324180 7328754
2399 7366101 7367698
2406 7402964 7408293
2407 7408294 7413451
2440 7539802 7548236
2509 7795779 7802098
2513 7819114 7826475
2526 7857674 7858373
2539 7895157 7895971
2546 7907965 7909178
2550 7915253 7915842
2580 8021512 8022855
2601 8110511 8113328
2647 8214089 8215627
2658 8234596 8237963
