1 0 2699
2 2700 3431
3 3432 9388
4 9389 12721
5 12722 21671
6 21672 25693
7 25694 27741
8 27742 31170
9 31171 38765
10 38766 41405
11 41406 44142
12 44143 53810
13 53811 73155
14 73156 76271
15 76272 79024
16 79025 84400
17 84401 86661
18 86662 90928
19 90929 97524
20 97525 98494
21 98495 103383
22 103384 111671
23 111672 117026
24 117027 123712
25 123713 124642
26 124643 128437
27 128438 131396
28 131397 134990
29 134991 137540
30 137541 141250
31 141251 145946
32 145947 155586
33 155587 165233
34 165234 176772
35 176773 178935
36 178936 183741
37 183742 186769
38 186770 188427
39 188428 194223
40 194224 196264
41 196265 198197
42 198198 206599
43 206600 215404
44 215405 218172
45 218173 222675
46 222676 225833
47 225834 227787
48 227788 238446
49 238447 244738
50 244739 249631
51 249632 254947
52 254948 256277
53 256278 258143
54 258144 261758
55 261759 261964
56 261965 265678
57 265679 268221
58 268222 275919
59 275920 282934
60 282935 289432
61 289433 298244
62 298245 301407
63 301408 304230
64 304231 306086
65 306087 313159
66 313160 316583
67 316584 319246
68 319247 320421
69 320422 332070
70 332071 342923
71 342924 352837
72 352838 359786
73 359787 368735
74 368736 371040
75 371041 371572
76 371573 374359
77 374360 374994
78 374995 381379
79 381380 385691
80 385692 388025
81 388026 397230
82 397231 403763
83 403764 405337
84 405338 412763
85 412764 415508
86 415509 423204
87 423205 427691
88 427692 430643
89 430644 436965
90 436966 446231
91 446232 449217
92 449218 453615
93 453616 457525
94 457526 459253
95 459254 465783
96 465784 471270
97 471271 476516
98 476517 484558
99 484559 486408
100 486409 489241
101 489242 495960
102 495961 504185
103 504186 507906
104 507907 512932
105 512933 516438
106 516439 518332
107 518333 519329
108 519330 520745
109 520746 521920
110 521921 524024
111 524025 525328
112 525329 527071
113 527072 528884
114 528885 531071
115 531072 532880
116 532881 540552
117 540553 558912
118 558913 562796
119 562797 567212
120 567213 570563
121 570564 574117
122 574118 584635
123 584636 588705
124 588706 589929
125 589930 590828
126 590829 592339
127 592340 593311
128 593312 595291
129 595292 599760
130 599761 601397
131 601398 607646
132 607647 615351
133 615352 617351
134 617352 621361
135 621362 624041
136 624042 628819
137 628820 637674
138 637675 642658
139 642659 650640
140 650641 655432
141 655433 665478
142 665479 667697
143 667698 669321
144 669322 671429
145 671430 673312
146 673313 675756
147 675757 678658
148 678659 681248
149 681249 694557
150 694558 697054
151 697055 699322
152 699323 701844
153 701845 704938
154 704939 706533
155 706534 716701
156 716702 726361
157 726362 731089
158 731090 738097
159 738098 741765
160 741766 745200
161 745201 748055
162 748056 753941
163 753942 757033
164 757034 762900
165 762901 767681
166 767682 781424
167 781425 785263
168 785264 788241
169 788242 789873
170 789874 797990
171 797991 803690
172 803691 816201
173 816202 820025
174 820026 822238
175 822239 827714
176 827715 833572
177 833573 841508
178 841509 851659
179 851660 855270
180 855271 858667
181 858668 860860
182 860861 861253
183 861254 865045
184 865046 867084
185 867085 868576
186 868577 875963
187 875964 876992
188 876993 877945
189 877946 879631
190 879632 882918
191 882919 884752
192 884753 888822
193 888823 891001
194 891002 895037
195 895038 896443
196 896444 901372
197 901373 903983
198 903984 905745
199 905746 907730
200 907731 909224
201 909225 911202
202 911203 914345
203 914346 916805
204 916806 924601
205 924602 927274
206 927275 929298
207 929299 935525
208 935526 939780
209 939781 944155
210 944156 947999
211 948000 954896
212 954897 958510
213 958511 961804
214 961805 966438
215 966439 971714
216 971715 976167
217 976168 979596
218 979597 983727
219 983728 984876
220 984877 992833
221 992834 997414
222 997415 1001813
223 1001814 1006197
224 1006198 1010293
225 1010294 1015867
226 1015868 1023675
227 1023676 1026031
228 1026032 1028168
229 1028169 1031128
230 1031129 1034082
231 1034083 1038706
232 1038707 1044145
233 1044146 1047323
234 1047324 1051421
235 1051422 1056891
236 1056892 1061583
237 1061584 1066711
238 1066712 1069211
239 1069212 1071949
240 1071950 1074927
241 1074928 1083199
242 1083200 1084437
243 1084438 1085217
244 1085218 1085430
245 1085431 1089588
246 1089589 1092942
247 1092943 1094496
248 1094497 1104455
249 1104456 1107533
250 1107534 1116298
251 1116299 1120271
252 1120272 1125526
253 1125527 1130468
254 1130469 1139062
255 1139063 1143869
256 1143870 1147799
257 1147800 1148330
258 1148331 1153026
259 1153027 1157430
260 1157431 1161254
261 1161255 1167089
262 1167090 1174316
263 1174317 1180795
264 1180796 1183378
265 1183379 1186748
266 1186749 1187725
267 1187726 1210646
268 1210647 1229237
269 1229238 1231830
270 1231831 1240317
271 1240318 1241973
272 1241974 1244377
273 1244378 1251523
274 1251524 1254872
275 1254873 1265896
276 1265897 1268781
277 1268782 1272302
278 1272303 1275534
279 1275535 1280380
280 1280381 1287655
281 1287656 1294568
282 1294569 1300770
283 1300771 1301854
284 1301855 1304649
285 1304650 1308105
286 1308106 1309161
287 1309162 1311608
288 1311609 1313171
289 1313172 1319525
290 1319526 1333160
291 1333161 1335267
292 1335268 1348230
293 1348231 1354710
294 1354711 1357598
295 1357599 1362640
296 1362641 1364613
297 1364614 1373668
298 1373669 1380242
299 1380243 1382732
300 1382733 1389188
301 1389189 1392954
302 1392955 1395388
303 1395389 1397447
304 1397448 1399976
305 1399977 1403431
306 1403432 1405912
307 1405913 1408448
308 1408449 1428733
309 1428734 1437149
310 1437150 1441538
311 1441539 1446031
312 1446032 1450193
313 1450194 1451745
314 1451746 1456249
315 1456250 1457631
316 1457632 1458831
317 1458832 1460329
318 1460330 1467775
319 1467776 1469973
320 1469974 1488018
321 1488019 1496916
322 1496917 1502611
323 1502612 1506654
324 1506655 1510234
325 1510235 1512306
326 1512307 1528698
327 1528699 1533177
328 1533178 1534349
329 1534350 1536295
330 1536296 1537667
331 1537668 1545862
332 1545863 1551053
333 1551054 1557916
334 1557917 1559864
335 1559865 1568088
336 1568089 1575669
337 1575670 1584194
338 1584195 1589191
339 1589192 1595955
340 1595956 1611066
341 1611067 1618627
342 1618628 1623728
343 1623729 1625117
344 1625118 1626707
345 1626708 1628879
346 1628880 1630245
347 1630246 1631082
348 1631083 1637473
349 1637474 1639625
350 1639626 1647942
351 1647943 1652185
352 1652186 1654081
353 1654082 1659338
354 1659339 1664827
355 1664828 1673963
356 1673964 1678675
357 1678676 1688220
358 1688221 1692012
359 1692013 1693105
360 1693106 1694550
361 1694551 1695928
362 1695929 1705027
363 1705028 1705343
364 1705344 1707091
365 1707092 1707879
366 1707880 1709354
367 1709355 1721927
368 1721928 1729980
369 1729981 1734078
370 1734079 1739098
371 1739099 1743581
372 1743582 1752541
373 1752542 1754778
374 1754779 1760162
375 1760163 1763107
376 1763108 1766237
377 1766238 1767938
378 1767939 1776049
379 1776050 1779758
380 1779759 1793949
381 1793950 1797251
382 1797252 1801147
383 1801148 1805479
384 1805480 1817091
385 1817092 1818040
386 1818041 1826063
387 1826064 1832348
388 1832349 1833149
389 1833150 1838850
390 1838851 1854569
391 1854570 1855504
392 1855505 1861588
393 1861589 1862284
394 1862285 1867564
395 1867565 1875645
396 1875646 1877105
397 1877106 1881487
398 1881488 1882207
399 1882208 1891139
400 1891140 1892518
401 1892519 1898884
402 1898885 1902478
403 1902479 1909349
404 1909350 1919542
405 1919543 1921731
406 1921732 1925417
407 1925418 1927764
408 1927765 1931483
409 1931484 1934441
410 1934442 1938226
411 1938227 1939859
412 1939860 1950009
413 1950010 1952164
414 1952165 1957162
415 1957163 1959593
416 1959594 1961118
417 1961119 1969087
418 1969088 1975893
419 1975894 1980357
420 1980358 1989986
421 1989987 1996410
422 1996411 2002159
423 2002160 2005048
424 2005049 2010742
425 2010743 2021204
426 2021205 2025531
427 2025532 2031708
428 2031709 2036359
429 2036360 2038647
430 2038648 2042090
431 2042091 2051008
432 2051009 2052827
433 2052828 2058581
434 2058582 2062642
435 2062643 2066708
436 2066709 2069332
437 2069333 2069712
438 2069713 2071581
439 2071582 2078997
440 2078998 2083459
441 2083460 2085901
442 2085902 2087657
443 2087658 2090757
444 2090758 2094296
445 2094297 2097101
446 2097102 2102353
447 2102354 2103542
448 2103543 2104717
449 2104718 2107844
450 2107845 2115478
451 2115479 2123145
452 2123146 2124347
453 2124348 2130396
454 2130397 2132101
455 2132102 2134443
456 2134444 2139294
457 2139295 2141030
458 2141031 2144400
459 2144401 2146340
460 2146341 2147524
461 2147525 2150178
462 2150179 2150861
463 2150862 2153674
464 2153675 2158897
465 2158898 2159096
466 2159097 2160765
467 2160766 2163612
468 2163613 2167787
469 2167788 2169051
470 2169052 2170175
471 2170176 2171806
472 2171807 2173001
473 2173002 2174676
474 2174677 2175513
475 2175514 2176391
476 2176392 2180231
477 2180232 2181074
478 2181075 2184201
479 2184202 2192059
480 2192060 2194619
481 2194620 2196138
482 2196139 2199312
483 2199313 2200483
484 2200484 2203195
485 2203196 2205559
486 2205560 2206918
487 2206919 2207960
488 2207961 2211645
489 2211646 2214730
490 2214731 2216207
491 2216208 2224573
492 2224574 2226049
493 2226050 2228118
494 2228119 2229087
495 2229088 2230766
496 2230767 2232404
497 2232405 2233331
498 2233332 2235771
499 2235772 2245430
500 2245431 2249402
501 2249403 2250887
502 2250888 2254157
503 2254158 2255366
504 2255367 2257151
505 2257152 2261713
506 2261714 2262801
507 2262802 2267030
508 2267031 2268862
509 2268863 2271016
510 2271017 2271234
511 2271235 2276198
512 2276199 2278836
513 2278837 2281444
514 2281445 2281812
515 2281813 2283346
516 2283347 2284853
517 2284854 2287049
518 2287050 2288549
519 2288550 2289637
520 2289638 2292311
521 2292312 2293333
522 2293334 2293669
523 2293670 2298253
524 2298254 2299544
525 2299545 2300444
526 2300445 2304369
527 2304370 2305716
528 2305717 2308851
529 2308852 2311481
530 2311482 2312024
531 2312025 2313320
532 2313321 2314565
533 2314566 2317070
534 2317071 2318274
535 2318275 2326430
536 2326431 2327027
537 2327028 2328369
538 2328370 2335791
539 2335792 2339666
540 2339667 2343388
541 2343389 2346862
542 2346863 2353878
543 2353879 2358807
544 2358808 2360474
545 2360475 2362075
546 2362076 2364119
547 2364120 2365468
548 2365469 2365981
549 2365982 2367343
550 2367344 2369647
551 2369648 2374146
552 2374147 2375691
553 2375692 2387256
554 2387257 2389316
555 2389317 2390139
556 2390140 2391064
557 2391065 2392130
558 2392131 2393961
559 2393962 2394683
560 2394684 2406261
561 2406262 2408050
562 2408051 2411021
563 2411022 2414773
564 2414774 2415729
565 2415730 2417945
566 2417946 2419180
567 2419181 2423949
568 2423950 2424266
569 2424267 2431328
570 2431329 2432377
571 2432378 2434165
572 2434166 2436738
573 2436739 2438229
574 2438230 2439481
575 2439482 2446167
576 2446168 2449713
577 2449714 2450726
578 2450727 2454267
579 2454268 2455926
580 2455927 2458928
581 2458929 2460254
582 2460255 2460769
583 2460770 2461551
584 2461552 2466394
585 2466395 2467634
586 2467635 2474087
587 2474088 2476785
588 2476786 2477235
589 2477236 2481484
590 2481485 2482011
591 2482012 2483504
592 2483505 2485636
593 2485637 2488438
594 2488439 2491620
595 2491621 2493002
596 2493003 2494542
597 2494543 2495684
598 2495685 2497141
599 2497142 2499497
600 2499498 2500094
601 2500095 2501401
602 2501402 2506930
603 2506931 2508182
604 2508183 2510150
605 2510151 2512826
606 2512827 2515258
607 2515259 2516486
608 2516487 2517637
609 2517638 2524469
610 2524470 2527650
611 2527651 2530258
612 2530259 2535514
613 2535515 2537443
614 2537444 2540027
615 2540028 2544816
616 2544817 2549558
617 2549559 2554059
618 2554060 2557161
619 2557162 2564870
620 2564871 2570697
621 2570698 2574240
622 2574241 2577598
623 2577599 2579978
624 2579979 2583487
625 2583488 2585676
626 2585677 2587730
627 2587731 2596933
628 2596934 2602357
629 2602358 2609897
630 2609898 2615353
631 2615354 2620227
632 2620228 2628509
633 2628510 2640476
634 2640477 2646823
635 2646824 2648271
636 2648272 2650144
637 2650145 2651135
638 2651136 2656450
639 2656451 2659418
640 2659419 2660104
641 2660105 2664310
642 2664311 2665141
643 2665142 2668305
644 2668306 2669054
645 2669055 2669990
646 2669991 2674234
647 2674235 2677920
648 2677921 2679211
649 2679212 2681034
650 2681035 2682198
651 2682199 2683850
652 2683851 2684744
653 2684745 2687258
654 2687259 2691658
655 2691659 2696356
656 2696357 2697482
657 2697483 2699740
658 2699741 2700712
659 2700713 2702700
660 2702701 2703609
661 2703610 2704818
662 2704819 2706317
663 2706318 2706887
664 2706888 2710868
665 2710869 2712332
666 2712333 2717159
667 2717160 2719657
668 2719658 2721739
669 2721740 2724243
670 2724244 2726498
671 2726499 2729998
672 2729999 2731686
673 2731687 2732824
674 2732825 2735446
675 2735447 2737487
676 2737488 2739398
677 2739399 2743704
678 2743705 2758316
679 2758317 2760454
680 2760455 2767055
681 2767056 2780799
682 2780800 2789874
683 2789875 2793593
684 2793594 2798213
685 2798214 2801866
686 2801867 2807551
687 2807552 2809255
688 2809256 2818364
689 2818365 2822364
690 2822365 2824269
691 2824270 2834046
692 2834047 2840546
693 2840547 2843012
694 2843013 2847554
695 2847555 2855118
696 2855119 2857217
697 2857218 2860935
698 2860936 2865261
699 2865262 2866360
700 2866361 2868587
701 2868588 2871932
702 2871933 2875628
703 2875629 2881990
704 2881991 2883483
705 2883484 2886173
706 2886174 2888272
707 2888273 2891386
708 2891387 2892994
709 2892995 2901514
710 2901515 2905023
711 2905024 2908419
712 2908420 2909790
713 2909791 2917711
714 2917712 2925916
715 2925917 2934558
716 2934559 2940249
717 2940250 2947673
718 2947674 2954760
719 2954761 2960256
720 2960257 2962056
721 2962057 2968485
722 2968486 2977526
723 2977527 2981395
724 2981396 2985993
725 2985994 2988725
726 2988726 2991127
727 2991128 2994993
728 2994994 2999807
729 2999808 3004074
730 3004075 3007326
731 3007327 3014383
732 3014384 3022963
733 3022964 3031456
734 3031457 3034257
735 3034258 3034907
736 3034908 3039101
737 3039102 3047241
738 3047242 3055582
739 3055583 3060994
740 3060995 3063411
741 3063412 3071013
742 3071014 3077659
743 3077660 3081125
744 3081126 3084028
745 3084029 3085091
746 3085092 3088148
747 3088149 3098752
748 3098753 3106319
749 3106320 3113939
750 3113940 3114983
751 3114984 3117955
752 3117956 3119752
753 3119753 3127783
754 3127784 3134728
755 3134729 3138793
756 3138794 3139828
757 3139829 3149411
758 3149412 3159045
759 3159046 3161754
760 3161755 3165551
761 3165552 3171245
762 3171246 3186031
763 3186032 3189079
764 3189080 3193538
765 3193539 3201433
766 3201434 3207935
767 3207936 3210445
768 3210446 3214314
769 3214315 3218118
770 3218119 3219980
771 3219981 3223369
772 3223370 3228450
773 3228451 3230693
774 3230694 3231802
775 3231803 3233168
776 3233169 3237166
777 3237167 3238159
778 3238160 3241648
779 3241649 3244951
780 3244952 3248629
781 3248630 3251908
782 3251909 3254375
783 3254376 3255364
784 3255365 3256628
785 3256629 3264697
786 3264698 3271712
787 3271713 3276198
788 3276199 3283498
789 3283499 3284496
790 3284497 3287828
791 3287829 3296901
792 3296902 3299051
793 3299052 3305349
794 3305350 3311638
795 3311639 3312783
796 3312784 3313616
797 3313617 3320419
798 3320420 3324003
799 3324004 3326686
800 3326687 3327712
801 3327713 3329671
802 3329672 3331236
803 3331237 3333800
804 3333801 3335811
805 3335812 3339567
806 3339568 3340513
807 3340514 3341724
808 3341725 3343654
809 3343655 3345096
810 3345097 3348911
811 3348912 3354633
812 3354634 3356877
813 3356878 3359783
814 3359784 3361291
815 3361292 3367045
816 3367046 3369707
817 3369708 3370998
818 3370999 3372267
819 3372268 3373605
820 3373606 3381564
821 3381565 3383280
822 3383281 3386114
823 3386115 3387360
824 3387361 3388794
825 3388795 3393922
826 3393923 3396967
827 3396968 3398267
828 3398268 3401059
829 3401060 3402506
830 3402507 3403439
831 3403440 3406218
832 3406219 3407716
833 3407717 3408627
834 3408628 3411631
835 3411632 3412857
836 3412858 3421640
837 3421641 3424252
838 3424253 3425880
839 3425881 3428118
840 3428119 3430112
841 3430113 3436369
842 3436370 3438451
843 3438452 3440021
844 3440022 3443172
845 3443173 3447235
846 3447236 3449922
847 3449923 3452808
848 3452809 3453848
849 3453849 3455270
850 3455271 3460779
851 3460780 3462429
852 3462430 3466051
853 3466052 3468135
854 3468136 3473947
855 3473948 3480731
856 3480732 3481955
857 3481956 3483478
858 3483479 3483838
859 3483839 3486040
860 3486041 3487785
861 3487786 3490734
862 3490735 3491957
863 3491958 3493920
864 3493921 3494845
865 3494846 3496716
866 3496717 3499686
867 3499687 3506575
868 3506576 3509239
869 3509240 3510805
870 3510806 3512576
871 3512577 3514284
872 3514285 3515247
873 3515248 3524209
874 3524210 3529822
875 3529823 3535493
876 3535494 3540981
877 3540982 3547726
878 3547727 3549802
879 3549803 3569261
880 3569262 3576944
881 3576945 3578766
882 3578767 3580006
883 3580007 3583044
884 3583045 3584904
885 3584905 3587599
886 3587600 3591776
887 3591777 3593191
888 3593192 3593788
889 3593789 3600362
890 3600363 3602780
891 3602781 3604611
892 3604612 3607960
893 3607961 3609851
894 3609852 3623612
895 3623613 3624156
896 3624157 3625798
897 3625799 3628831
898 3628832 3631201
899 3631202 3634035
900 3634036 3652411
901 3652412 3652621
902 3652622 3652793
903 3652794 3652993
904 3652994 3653165
905 3653166 3653782
906 3653783 3654433
907 3654434 3655057
908 3655058 3655726
909 3655727 3656377
910 3656378 3657004
911 3657005 3657189
912 3657190 3657786
913 3657787 3658406
914 3658407 3659089
915 3659090 3659315
916 3659316 3659487
917 3659488 3660141
918 3660142 3660307
919 3660308 3660971
920 3660972 3661605
921 3661606 3662234
922 3662235 3662866
923 3662867 3663498
924 3663499 3664130
925 3664131 3664759
926 3664760 3665382
927 3665383 3666016
928 3666017 3666654
929 3666655 3666841
930 3666842 3667491
931 3667492 3668124
932 3668125 3668744
933 3668745 3668919
934 3668920 3669545
935 3669546 3669760
936 3669761 3670439
937 3670440 3670655
938 3670656 3671277
939 3671278 3671642
940 3671643 3671829
941 3671830 3672496
942 3672497 3673148
943 3673149 3673716
944 3673717 3674351
945 3674352 3675029
946 3675030 3675660
947 3675661 3676323
948 3676324 3676971
949 3676972 3677607
950 3677608 3678263
951 3678264 3678912
952 3678913 3679571
953 3679572 3680224
954 3680225 3680436
955 3680437 3681068
956 3681069 3681698
957 3681699 3682315
958 3682316 3682966
959 3682967 3683590
960 3683591 3684262
961 3684263 3684891
962 3684892 3685516
963 3685517 3685732
964 3685733 3686282
965 3686283 3686902
966 3686903 3687108
967 3687109 3687758
968 3687759 3688393
969 3688394 3689013
970 3689014 3689234
971 3689235 3689855
972 3689856 3690029
973 3690030 3690697
974 3690698 3691317
975 3691318 3691491
976 3691492 3691683
977 3691684 3691868
978 3691869 3692080
979 3692081 3692706
980 3692707 3693360
981 3693361 3693984
982 3693985 3694651
983 3694652 3695314
984 3695315 3695944
985 3695945 3696161
986 3696162 3696711
987 3696712 3697331
988 3697332 3697534
989 3697535 3697823
990 3697824 3698129
991 3698130 3698315
992 3698316 3698965
993 3698966 3699598
994 3699599 3699810
995 3699811 3700093
996 3700094 3700398
997 3700399 3701059
998 3701060 3701233
999 3701234 3701496
1000 3701497 3702117
1001 3702118 3702312
1002 3702313 3702941
1003 3702942 3703179
1004 3703180 3703835
1005 3703836 3704513
1006 3704514 3705143
1007 3705144 3705779
1008 3705780 3706410
1009 3706411 3707045
1010 3707046 3707229
1011 3707230 3707780
1012 3707781 3708435
1013 3708436 3708650
1014 3708651 3708847
1015 3708848 3709501
1016 3709502 3710134
1017 3710135 3710789
1018 3710790 3710996
1019 3710997 3711647
1020 3711648 3711836
1021 3711837 3712465
1022 3712466 3712658
1023 3712659 3713284
1024 3713285 3713939
1025 3713940 3714581
1026 3714582 3715256
1027 3715257 3715911
1028 3715912 3716576
1029 3716577 3717218
1030 3717219 3717887
1031 3717888 3718544
1032 3718545 3719199
1033 3719200 3719856
1034 3719857 3720507
1035 3720508 3721138
1036 3721139 3721339
1037 3721340 3721967
1038 3721968 3722584
1039 3722585 3723205
1040 3723206 3723829
1041 3723830 3724461
1042 3724462 3725101
1043 3725102 3725733
1044 3725734 3726388
1045 3726389 3726576
1046 3726577 3727173
1047 3727174 3727826
1048 3727827 3728021
1049 3728022 3728659
1050 3728660 3729279
1051 3729280 3729913
1052 3729914 3730568
1053 3730569 3731200
1054 3731201 3731834
1055 3731835 3732465
1056 3732466 3732682
1057 3732683 3733313
1058 3733314 3733975
1059 3733976 3734148
1060 3734149 3734788
1061 3734789 3735443
1062 3735444 3736106
1063 3736107 3736769
1064 3736770 3736943
1065 3736944 3737564
1066 3737565 3737776
1067 3737777 3737962
1068 3737963 3738154
1069 3738155 3738340
1070 3738341 3738954
1071 3738955 3739579
1072 3739580 3740211
1073 3740212 3740851
1074 3740852 3741484
1075 3741485 3742120
1076 3742121 3742307
1077 3742308 3742904
1078 3742905 3743559
1079 3743560 3743733
1080 3743734 3744357
1081 3744358 3744546
1082 3744547 3745181
1083 3745182 3745802
1084 3745803 3746457
1085 3746458 3746674
1086 3746675 3747302
1087 3747303 3747487
1088 3747488 3748125
1089 3748126 3748780
1090 3748781 3748992
1091 3748993 3749178
1092 3749179 3749345
1093 3749346 3749531
1094 3749532 3750146
1095 3750147 3750771
1096 3750772 3751404
1097 3751405 3752046
1098 3752047 3752680
1099 3752681 3753311
1100 3753312 3753498
1101 3753499 3754097
1102 3754098 3754750
1103 3754751 3754960
1104 3754961 3755597
1105 3755598 3756216
1106 3756217 3756871
1107 3756872 3757150
1108 3757151 3757779
1109 3757780 3757953
1110 3757954 3758591
1111 3758592 3758805
1112 3758806 3759508
1113 3759509 3759675
1114 3759676 3760315
1115 3760316 3760969
1116 3760970 3761158
1117 3761159 3761365
1118 3761366 3761554
1119 3761555 3761755
1120 3761756 3761944
1121 3761945 3762127
1122 3762128 3762316
1123 3762317 3762502
1124 3762503 3762703
1125 3762704 3762898
1126 3762899 3763514
1127 3763515 3763700
1128 3763701 3764296
1129 3764297 3764512
1130 3764513 3765144
1131 3765145 3765776
1132 3765777 3766394
1133 3766395 3767020
1134 3767021 3767653
1135 3767654 3768293
1136 3768294 3768926
1137 3768927 3769555
1138 3769556 3769739
1139 3769740 3770375
1140 3770376 3770996
1141 3770997 3771650
1142 3771651 3772304
1143 3772305 3772520
1144 3772521 3773146
1145 3773147 3773772
1146 3773773 3773966
1147 3773967 3774154
1148 3774155 3774322
1149 3774323 3774964
1150 3774965 3775618
1151 3775619 3775813
1152 3775814 3775980
1153 3775981 3776166
1154 3776167 3776377
1155 3776378 3776993
1156 3776994 3777622
1157 3777623 3778255
1158 3778256 3778897
1159 3778898 3779530
1160 3779531 3780160
1161 3780161 3780340
1162 3780341 3780936
1163 3780937 3781590
1164 3781591 3781790
1165 3781791 3782426
1166 3782427 3783043
1167 3783044 3783697
1168 3783698 3783923
1169 3783924 3784548
1170 3784549 3784755
1171 3784756 3785389
1172 3785390 3785563
1173 3785564 3786205
1174 3786206 3786859
1175 3786860 3787031
1176 3787032 3787655
1177 3787656 3787848
1178 3787849 3788027
1179 3788028 3788188
1180 3788189 3788399
1181 3788400 3789015
1182 3789016 3789642
1183 3789643 3790275
1184 3790276 3790919
1185 3790920 3791553
1186 3791554 3792184
1187 3792185 3792838
1188 3792839 3793024
1189 3793025 3793620
1190 3793621 3794308
1191 3794309 3794534
1192 3794535 3794740
1193 3794741 3795375
1194 3795376 3795996
1195 3795997 3796193
1196 3796194 3796381
1197 3796382 3797035
1198 3797036 3797219
1199 3797220 3797896
1200 3797897 3798110
1201 3798111 3798779
1202 3798780 3799013
1203 3799014 3799639
1204 3799640 3799827
1205 3799828 3800035
1206 3800036 3800677
1207 3800678 3801330
1208 3801331 3802000
1209 3802001 3802645
1210 3802646 3803307
1211 3803308 3803964
1212 3803965 3804625
1213 3804626 3805274
1214 3805275 3805938
1215 3805939 3806596
1216 3806597 3807258
1217 3807259 3807918
1218 3807919 3808554
1219 3808555 3808767
1220 3808768 3809399
1221 3809400 3810028
1222 3810029 3810646
1223 3810647 3811273
1224 3811274 3811901
1225 3811902 3812544
1226 3812545 3813177
1227 3813178 3813839
1228 3813840 3814013
1229 3814014 3814609
1230 3814610 3814800
1231 3814801 3815422
1232 3815423 3816076
1233 3816077 3816265
1234 3816266 3816908
1235 3816909 3817102
1236 3817103 3817738
1237 3817739 3818358
1238 3818359 3819015
1239 3819016 3819669
1240 3819670 3819885
1241 3819886 3820508
1242 3820509 3820682
1243 3820683 3821324
1244 3821325 3821978
1245 3821979 3822213
1246 3822214 3822374
1247 3822375 3822599
1248 3822600 3822760
1249 3822761 3823374
1250 3823375 3824000
1251 3824001 3824633
1252 3824634 3825279
1253 3825280 3825914
1254 3825915 3826551
1255 3826552 3826737
1256 3826738 3827335
1257 3827336 3827989
1258 3827990 3828181
1259 3828182 3828381
1260 3828382 3829016
1261 3829017 3829635
1262 3829636 3830289
1263 3830290 3830542
1264 3830543 3830718
1265 3830719 3830897
1266 3830898 3831101
1267 3831102 3831723
1268 3831724 3831897
1269 3831898 3832538
1270 3832539 3833192
1271 3833193 3833413
1272 3833414 3833641
1273 3833642 3834253
1274 3834254 3834433
1275 3834434 3835030
1276 3835031 3835191
1277 3835192 3835379
1278 3835380 3835547
1279 3835548 3835745
1280 3835746 3836381
1281 3836382 3837016
1282 3837017 3837650
1283 3837651 3837861
1284 3837862 3838477
1285 3838478 3839105
1286 3839106 3839738
1287 3839739 3840381
1288 3840382 3841014
1289 3841015 3841676
1290 3841677 3842331
1291 3842332 3842519
1292 3842520 3843155
1293 3843156 3843774
1294 3843775 3844429
1295 3844430 3844674
1296 3844675 3845359
1297 3845360 3845968
1298 3845969 3846165
1299 3846166 3846799
1300 3846800 3847037
1301 3847038 3847709
1302 3847710 3847925
1303 3847926 3848553
1304 3848554 3848727
1305 3848728 3849370
1306 3849371 3849553
1307 3849554 3850208
1308 3850209 3850393
1309 3850394 3851052
1310 3851053 3851708
1311 3851709 3852396
1312 3852397 3853064
1313 3853065 3853709
1314 3853710 3854356
1315 3854357 3855003
1316 3855004 3855662
1317 3855663 3856320
1318 3856321 3857007
1319 3857008 3857630
1320 3857631 3857843
1321 3857844 3858472
1322 3858473 3859105
1323 3859106 3859720
1324 3859721 3860347
1325 3860348 3860980
1326 3860981 3861623
1327 3861624 3862254
1328 3862255 3862941
1329 3862942 3863128
1330 3863129 3863726
1331 3863727 3864381
1332 3864382 3864569
1333 3864570 3865206
1334 3865207 3865824
1335 3865825 3866479
1336 3866480 3866716
1337 3866717 3866952
1338 3866953 3867583
1339 3867584 3867776
1340 3867777 3868415
1341 3868416 3869070
1342 3869071 3869721
1343 3869722 3869931
1344 3869932 3870144
1345 3870145 3870369
1346 3870370 3870588
1347 3870589 3870801
1348 3870802 3871415
1349 3871416 3872043
1350 3872044 3872671
1351 3872672 3873311
1352 3873312 3873948
1353 3873949 3874597
1354 3874598 3874790
1355 3874791 3875387
1356 3875388 3876042
1357 3876043 3876687
1358 3876688 3876890
1359 3876891 3877525
1360 3877526 3878142
1361 3878143 3878797
1362 3878798 3879000
1363 3879001 3879186
1364 3879187 3879450
1365 3879451 3880089
1366 3880090 3880297
1367 3880298 3880953
1368 3880954 3881608
1369 3881609 3881807
1370 3881808 3882405
1371 3882406 3882631
1372 3882632 3883288
1373 3883289 3883943
1374 3883944 3884125
1375 3884126 3884765
1376 3884766 3885382
1377 3885383 3886037
1378 3886038 3886233
1379 3886234 3886868
1380 3886869 3887101
1381 3887102 3887721
1382 3887722 3887908
1383 3887909 3888530
1384 3888531 3889185
1385 3889186 3889376
1386 3889377 3889573
1387 3889574 3889758
1388 3889759 3889988
1389 3889989 3890621
1390 3890622 3891313
1391 3891314 3891950
1392 3891951 3892603
1393 3892604 3893270
1394 3893271 3893923
1395 3893924 3894559
1396 3894560 3895214
1397 3895215 3895873
1398 3895874 3896517
1399 3896518 3897174
1400 3897175 3897828
1401 3897829 3899452
1402 3899453 3899673
1403 3899674 3902494
1404 3902495 3903442
1405 3903443 3904567
1406 3904568 3920145
1407 3920146 3926578
1408 3926579 3940542
1409 3940543 3941279
1410 3941280 3944049
1411 3944050 3946101
1412 3946102 3948710
1413 3948711 3951495
1414 3951496 3953273
1415 3953274 3973337
1416 3973338 3982376
1417 3982377 3985948
1418 3985949 3989502
1419 3989503 3992897
1420 3992898 3995000
1421 3995001 3998362
1422 3998363 3998792
1423 3998793 4001339
1424 4001340 4004248
1425 4004249 4018178
1426 4018179 4019985
1427 4019986 4024093
1428 4024094 4026853
1429 4026854 4029822
1430 4029823 4030751
1431 4030752 4031439
1432 4031440 4051589
1433 4051590 4055435
1434 4055436 4055665
1435 4055666 4084301
1436 4084302 4088515
1437 4088516 4095916
1438 4095917 4105247
1439 4105248 4135559
1440 4135560 4155242
1441 4155243 4156192
1442 4156193 4156808
1443 4156809 4159132
1444 4159133 4160746
1445 4160747 4165711
1446 4165712 4169026
1447 4169027 4173074
1448 4173075 4175574
1449 4175575 4180165
1450 4180166 4181309
1451 4181310 4183312
1452 4183313 4183981
1453 4183982 4184402
1454 4184403 4194321
1455 4194322 4196621
1456 4196622 4197474
1457 4197475 4227926
1458 4227927 4231468
1459 4231469 4232399
1460 4232400 4234984
1461 4234985 4238107
1462 4238108 4238437
1463 4238438 4245651
1464 4245652 4264682
1465 4264683 4270384
1466 4270385 4271686
1467 4271687 4273865
1468 4273866 4276212
1469 4276213 4278820
1470 4278821 4281370
1471 4281371 4282614
1472 4282615 4291613
1473 4291614 4295260
1474 4295261 4297405
1475 4297406 4299763
1476 4299764 4321858
1477 4321859 4322710
1478 4322711 4323105
1479 4323106 4324256
1480 4324257 4328100
1481 4328101 4329235
1482 4329236 4332773
1483 4332774 4336023
1484 4336024 4337600
1485 4337601 4338946
1486 4338947 4340962
1487 4340963 4343119
1488 4343120 4344402
1489 4344403 4345715
1490 4345716 4349610
1491 4349611 4350162
1492 4350163 4356632
1493 4356633 4359206
1494 4359207 4362878
1495 4362879 4363698
1496 4363699 4364969
1497 4364970 4367386
1498 4367387 4368075
1499 4368076 4368863
1500 4368864 4373880
1501 4373881 4382388
1502 4382389 4386615
1503 4386616 4389843
1504 4389844 4402703
1505 4402704 4407280
1506 4407281 4409654
1507 4409655 4412084
1508 4412085 4412746
1509 4412747 4414125
1510 4414126 4424210
1511 4424211 4445974
1512 4445975 4446848
1513 4446849 4450364
1514 4450365 4454201
1515 4454202 4455626
1516 4455627 4456696
1517 4456697 4462458
1518 4462459 4463673
1519 4463674 4464586
1520 4464587 4475409
1521 4475410 4476767
1522 4476768 4494495
1523 4494496 4503971
1524 4503972 4506817
1525 4506818 4510790
1526 4510791 4512148
1527 4512149 4516749
1528 4516750 4522707
1529 4522708 4523769
1530 4523770 4524649
1531 4524650 4526953
1532 4526954 4535121
1533 4535122 4538378
1534 4538379 4540222
1535 4540223 4540754
1536 4540755 4542304
1537 4542305 4544582
1538 4544583 4548392
1539 4548393 4554328
1540 4554329 4555660
1541 4555661 4558830
1542 4558831 4560072
1543 4560073 4561388
1544 4561389 4562494
1545 4562495 4568032
1546 4568033 4568964
1547 4568965 4573330
1548 4573331 4573675
1549 4573676 4582552
1550 4582553 4586144
1551 4586145 4587752
1552 4587753 4589092
1553 4589093 4595489
1554 4595490 4599563
1555 4599564 4600815
1556 4600816 4603760
1557 4603761 4606418
1558 4606419 4608199
1559 4608200 4612311
1560 4612312 4625129
1561 4625130 4626605
1562 4626606 4630636
1563 4630637 4634217
1564 4634218 4635583
1565 4635584 4636672
1566 4636673 4640632
1567 4640633 4647506
1568 4647507 4660446
1569 4660447 4662031
1570 4662032 4663550
1571 4663551 4665004
1572 4665005 4667436
1573 4667437 4669595
1574 4669596 4671343
1575 4671344 4673108
1576 4673109 4674264
1577 4674265 4675901
1578 4675902 4676707
1579 4676708 4683729
1580 4683730 4691858
1581 4691859 4693336
1582 4693337 4694420
1583 4694421 4699088
1584 4699089 4701511
1585 4701512 4702677
1586 4702678 4709112
1587 4709113 4710883
1588 4710884 4718435
1589 4718436 4720601
1590 4720602 4726990
1591 4726991 4730982
1592 4730983 4732374
1593 4732375 4740706
1594 4740707 4747599
1595 4747600 4757127
1596 4757128 4760768
1597 4760769 4762992
1598 4762993 4766382
1599 4766383 4771109
1600 4771110 4772789
1601 4772790 4777905
1602 4777906 4787706
1603 4787707 4789368
1604 4789369 4790119
1605 4790120 4790855
1606 4790856 4793785
1607 4793786 4795665
1608 4795666 4797986
1609 4797987 4801178
1610 4801179 4804080
1611 4804081 4807045
1612 4807046 4810062
1613 4810063 4812509
1614 4812510 4814987
1615 4814988 4817534
1616 4817535 4818397
1617 4818398 4820002
1618 4820003 4825841
1619 4825842 4828428
1620 4828429 4829725
1621 4829726 4831779
1622 4831780 4833368
1623 4833369 4836275
1624 4836276 4842087
1625 4842088 4843291
1626 4843292 4846122
1627 4846123 4847975
1628 4847976 4849221
1629 4849222 4850351
1630 4850352 4852138
1631 4852139 4858139
1632 4858140 4859950
1633 4859951 4863399
1634 4863400 4865003
1635 4865004 4865625
1636 4865626 4868338
1637 4868339 4869246
1638 4869247 4875016
1639 4875017 4880236
1640 4880237 4881858
1641 4881859 4882631
1642 4882632 4883433
1643 4883434 4885927
1644 4885928 4891736
1645 4891737 4895484
1646 4895485 4899208
1647 4899209 4902890
1648 4902891 4906667
1649 4906668 4910498
1650 4910499 4914357
1651 4914358 4918420
1652 4918421 4922300
1653 4922301 4926105
1654 4926106 4929934
1655 4929935 4933781
1656 4933782 4937547
1657 4937548 4941352
1658 4941353 4945175
1659 4945176 4948994
1660 4948995 4952860
1661 4952861 4956565
1662 4956566 4957203
1663 4957204 4963032
1664 4963033 4963726
1665 4963727 4966540
1666 4966541 4969417
1667 4969418 4970519
1668 4970520 4971804
1669 4971805 4979394
1670 4979395 4980888
1671 4980889 4983194
1672 4983195 4985300
1673 4985301 4986767
1674 4986768 4987760
1675 4987761 4989472
1676 4989473 4992104
1677 4992105 4994023
1678 4994024 5011073
1679 5011074 5012629
1680 5012630 5017486
1681 5017487 5019604
1682 5019605 5022433
1683 5022434 5028722
1684 5028723 5029265
1685 5029266 5033308
1686 5033309 5035359
1687 5035360 5036581
1688 5036582 5041249
1689 5041250 5042112
1690 5042113 5044239
1691 5044240 5046144
1692 5046145 5050336
1693 5050337 5055041
1694 5055042 5064288
1695 5064289 5068428
1696 5068429 5071144
1697 5071145 5071998
1698 5071999 5072817
1699 5072818 5073735
1700 5073736 5074797
1701 5074798 5075838
1702 5075839 5076935
1703 5076936 5083636
1704 5083637 5085808
1705 5085809 5087751
1706 5087752 5094452
1707 5094453 5100670
1708 5100671 5104309
1709 5104310 5104951
1710 5104952 5106799
1711 5106800 5109891
1712 5109892 5111160
1713 5111161 5113472
1714 5113473 5114596
1715 5114597 5118087
1716 5118088 5122210
1717 5122211 5126549
1718 5126550 5132848
1719 5132849 5136614
1720 5136615 5137337
1721 5137338 5141625
1722 5141626 5145717
1723 5145718 5146265
1724 5146266 5147275
1725 5147276 5148870
1726 5148871 5152536
1727 5152537 5156136
1728 5156137 5160951
1729 5160952 5163660
1730 5163661 5165750
1731 5165751 5168892
1732 5168893 5169705
1733 5169706 5176898
1734 5176899 5177856
1735 5177857 5181015
1736 5181016 5183411
1737 5183412 5186096
1738 5186097 5189513
1739 5189514 5192074
1740 5192075 5196156
1741 5196157 5198209
1742 5198210 5200082
1743 5200083 5204529
1744 5204530 5205963
1745 5205964 5210399
1746 5210400 5214292
1747 5214293 5219984
1748 5219985 5226660
1749 5226661 5231202
1750 5231203 5233014
1751 5233015 5234295
1752 5234296 5237155
1753 5237156 5243610
1754 5243611 5246160
1755 5246161 5249619
1756 5249620 5252343
1757 5252344 5254631
1758 5254632 5265142
1759 5265143 5265917
1760 5265918 5275044
1761 5275045 5281869
1762 5281870 5284085
1763 5284086 5286617
1764 5286618 5289019
1765 5289020 5291400
1766 5291401 5292758
1767 5292759 5293905
1768 5293906 5296862
1769 5296863 5307045
1770 5307046 5308333
1771 5308334 5312313
1772 5312314 5313449
1773 5313450 5313917
1774 5313918 5324724
1775 5324725 5326571
1776 5326572 5329946
1777 5329947 5333300
1778 5333301 5336894
1779 5336895 5346598
1780 5346599 5348794
1781 5348795 5349917
1782 5349918 5350709
1783 5350710 5351775
1784 5351776 5353619
1785 5353620 5362152
1786 5362153 5365619
1787 5365620 5371976
1788 5371977 5376802
1789 5376803 5382424
1790 5382425 5384142
1791 5384143 5389514
1792 5389515 5391217
1793 5391218 5392939
1794 5392940 5399753
1795 5399754 5402549
1796 5402550 5404057
1797 5404058 5406135
1798 5406136 5408727
1799 5408728 5411316
1800 5411317 5415108
1801 5415109 5418253
1802 5418254 5423431
1803 5423432 5429000
1804 5429001 5433703
1805 5433704 5439243
1806 5439244 5441125
1807 5441126 5445011
1808 5445012 5451095
1809 5451096 5453562
1810 5453563 5458001
1811 5458002 5458977
1812 5458978 5459770
1813 5459771 5463947
1814 5463948 5466621
1815 5466622 5469584
1816 5469585 5470841
1817 5470842 5472791
1818 5472792 5475114
1819 5475115 5477855
1820 5477856 5480164
1821 5480165 5481460
1822 5481461 5486164
1823 5486165 5490749
1824 5490750 5494331
1825 5494332 5497466
1826 5497467 5501575
1827 5501576 5506083
1828 5506084 5508861
1829 5508862 5512687
1830 5512688 5515000
1831 5515001 5516744
1832 5516745 5519046
1833 5519047 5539549
1834 5539550 5542864
1835 5542865 5546951
1836 5546952 5548873
1837 5548874 5557610
1838 5557611 5560291
1839 5560292 5565611
1840 5565612 5570963
1841 5570964 5574655
1842 5574656 5578828
1843 5578829 5584763
1844 5584764 5587795
1845 5587796 5593260
1846 5593261 5595001
1847 5595002 5597625
1848 5597626 5602660
1849 5602661 5607452
1850 5607453 5610767
1851 5610768 5616190
1852 5616191 5621684
1853 5621685 5625965
1854 5625966 5628506
1855 5628507 5632921
1856 5632922 5640324
1857 5640325 5640512
1858 5640513 5645246
1859 5645247 5645419
1860 5645420 5646324
1861 5646325 5647120
1862 5647121 5649357
1863 5649358 5651139
1864 5651140 5652079
1865 5652080 5653921
1866 5653922 5666061
1867 5666062 5670499
1868 5670500 5672383
1869 5672384 5679274
1870 5679275 5689258
1871 5689259 5690377
1872 5690378 5700325
1873 5700326 5703708
1874 5703709 5705113
1875 5705114 5708632
1876 5708633 5714001
1877 5714002 5718670
1878 5718671 5724214
1879 5724215 5727673
1880 5727674 5729411
1881 5729412 5730195
1882 5730196 5732777
1883 5732778 5736720
1884 5736721 5740251
1885 5740252 5745423
1886 5745424 5750682
1887 5750683 5751999
1888 5752000 5761375
1889 5761376 5764666
1890 5764667 5765263
1891 5765264 5766813
1892 5766814 5770135
1893 5770136 5772019
1894 5772020 5775298
1895 5775299 5780413
1896 5780414 5782547
1897 5782548 5788381
1898 5788382 5790685
1899 5790686 5794904
1900 5794905 5799824
1901 5799825 5800592
1902 5800593 5803828
1903 5803829 5804601
1904 5804602 5810824
1905 5810825 5817189
1906 5817190 5822932
1907 5822933 5833686
1908 5833687 5837485
1909 5837486 5839075
1910 5839076 5841230
1911 5841231 5850820
1912 5850821 5855138
1913 5855139 5861529
1914 5861530 5864583
1915 5864584 5870687
1916 5870688 5876772
1917 5876773 5878471
1918 5878472 5884949
1919 5884950 5888230
1920 5888231 5894946
1921 5894947 5903986
1922 5903987 5905417
1923 5905418 5908333
1924 5908334 5910114
1925 5910115 5913471
1926 5913472 5919494
1927 5919495 5926297
1928 5926298 5932606
1929 5932607 5939037
1930 5939038 5948743
1931 5948744 5958490
1932 5958491 5959677
1933 5959678 5960397
1934 5960398 5961550
1935 5961551 5965353
1936 5965354 5966028
1937 5966029 5971561
1938 5971562 5972959
1939 5972960 5975746
1940 5975747 5978070
1941 5978071 5983604
1942 5983605 5995828
1943 5995829 5998431
1944 5998432 6024523
1945 6024524 6028240
1946 6028241 6032282
1947 6032283 6044719
1948 6044720 6049127
1949 6049128 6053025
1950 6053026 6067683
1951 6067684 6079963
1952 6079964 6083645
1953 6083646 6085288
1954 6085289 6094397
1955 6094398 6096207
1956 6096208 6096926
1957 6096927 6100164
1958 6100165 6103027
1959 6103028 6108853
1960 6108854 6118478
1961 6118479 6122528
1962 6122529 6123669
1963 6123670 6125461
1964 6125462 6130968
1965 6130969 6135572
1966 6135573 6140122
1967 6140123 6144523
1968 6144524 6146388
1969 6146389 6150765
1970 6150766 6154447
1971 6154448 6160618
1972 6160619 6164816
1973 6164817 6165928
1974 6165929 6166669
1975 6166670 6175520
1976 6175521 6179481
1977 6179482 6186495
1978 6186496 6188014
1979 6188015 6190499
1980 6190500 6191593
1981 6191594 6192625
1982 6192626 6193648
1983 6193649 6198982
1984 6198983 6209988
1985 6209989 6210742
1986 6210743 6211415
1987 6211416 6215440
1988 6215441 6225537
1989 6225538 6226853
1990 6226854 6229970
1991 6229971 6230829
1992 6230830 6231519
1993 6231520 6232153
1994 6232154 6233148
1995 6233149 6233881
1996 6233882 6235641
1997 6235642 6247947
1998 6247948 6252281
1999 6252282 6263480
2000 6263481 6267098
2001 6267099 6272774
2002 6272775 6275334
2003 6275335 6283924
2004 6283925 6291337
2005 6291338 6293764
2006 6293765 6295235
2007 6295236 6296886
2008 6296887 6299570
2009 6299571 6302162
2010 6302163 6304425
2011 6304426 6307499
2012 6307500 6309579
2013 6309580 6312577
2014 6312578 6319543
2015 6319544 6325915
2016 6325916 6332819
2017 6332820 6339602
2018 6339603 6343557
2019 6343558 6351693
2020 6351694 6359490
2021 6359491 6362617
2022 6362618 6364427
2023 6364428 6367421
2024 6367422 6369047
2025 6369048 6372083
2026 6372084 6375530
2027 6375531 6377401
2028 6377402 6378939
2029 6378940 6383721
2030 6383722 6385476
2031 6385477 6387005
2032 6387006 6389480
2033 6389481 6393106
2034 6393107 6395180
2035 6395181 6396649
2036 6396650 6399471
2037 6399472 6407299
2038 6407300 6410642
2039 6410643 6414278
2040 6414279 6423163
2041 6423164 6426907
2042 6426908 6429742
2043 6429743 6431954
2044 6431955 6435532
2045 6435533 6439037
2046 6439038 6441118
2047 6441119 6442728
2048 6442729 6444532
2049 6444533 6450902
2050 6450903 6454111
2051 6454112 6456356
2052 6456357 6458226
2053 6458227 6461658
2054 6461659 6467172
2055 6467173 6469187
2056 6469188 6473347
2057 6473348 6476071
2058 6476072 6479838
2059 6479839 6481594
2060 6481595 6483141
2061 6483142 6484697
2062 6484698 6486325
2063 6486326 6489983
2064 6489984 6492726
2065 6492727 6496696
2066 6496697 6499085
2067 6499086 6501488
2068 6501489 6504085
2069 6504086 6506465
2070 6506466 6509007
2071 6509008 6532268
2072 6532269 6535490
2073 6535491 6539114
2074 6539115 6545440
2075 6545441 6548535
2076 6548536 6551838
2077 6551839 6555254
2078 6555255 6560497
2079 6560498 6562115
2080 6562116 6564710
2081 6564711 6568135
2082 6568136 6570591
2083 6570592 6571675
2084 6571676 6574042
2085 6574043 6579129
2086 6579130 6583360
2087 6583361 6586382
2088 6586383 6590163
2089 6590164 6592806
2090 6592807 6598230
2091 6598231 6600761
2092 6600762 6604554
2093 6604555 6605657
2094 6605658 6610975
2095 6610976 6612421
2096 6612422 6613639
2097 6613640 6615687
2098 6615688 6623134
2099 6623135 6626467
2100 6626468 6629008
2101 6629009 6630609
2102 6630610 6633698
2103 6633699 6634888
2104 6634889 6635483
2105 6635484 6637064
2106 6637065 6638716
2107 6638717 6640294
2108 6640295 6649126
2109 6649127 6656921
2110 6656922 6661368
2111 6661369 6664306
2112 6664307 6664927
2113 6664928 6672630
2114 6672631 6676691
2115 6676692 6689259
2116 6689260 6694201
2117 6694202 6696742
2118 6696743 6700659
2119 6700660 6716880
2120 6716881 6723207
2121 6723208 6725845
2122 6725846 6726162
2123 6726163 6728529
2124 6728530 6732403
2125 6732404 6735239
2126 6735240 6748818
2127 6748819 6756768
2128 6756769 6758695
2129 6758696 6761493
2130 6761494 6763442
2131 6763443 6765309
2132 6765310 6768798
2133 6768799 6771032
2134 6771033 6774108
2135 6774109 6776117
2136 6776118 6777964
2137 6777965 6780173
2138 6780174 6783128
2139 6783129 6786003
2140 6786004 6787951
2141 6787952 6790184
2142 6790185 6792392
2143 6792393 6794238
2144 6794239 6796246
2145 6796247 6798868
2146 6798869 6802207
2147 6802208 6804393
2148 6804394 6806322
2149 6806323 6808114
2150 6808115 6810218
2151 6810219 6814738
2152 6814739 6818654
2153 6818655 6822472
2154 6822473 6825497
2155 6825498 6827967
2156 6827968 6830552
2157 6830553 6832902
2158 6832903 6835293
2159 6835294 6839813
2160 6839814 6840145
2161 6840146 6846028
2162 6846029 6849944
2163 6849945 6853762
2164 6853763 6863734
2165 6863735 6866560
2166 6866561 6867538
2167 6867539 6871980
2168 6871981 6879170
2169 6879171 6879487
2170 6879488 6882704
2171 6882705 6885394
2172 6885395 6887791
2173 6887792 6890407
2174 6890408 6893994
2175 6893995 6898366
2176 6898367 6900995
2177 6900996 6906005
2178 6906006 6908773
2179 6908774 6917019
2180 6917020 6919790
2181 6919791 6926096
2182 6926097 6928561
2183 6928562 6929799
2184 6929800 6947658
2185 6947659 6957550
2186 6957551 6960529
2187 6960530 6963791
2188 6963792 6969697
2189 6969698 6973198
2190 6973199 6975158
2191 6975159 6978256
2192 6978257 6982769
2193 6982770 6987163
2194 6987164 6990901
2195 6990902 6993911
2196 6993912 7018505
2197 7018506 7029856
2198 7029857 7046199
2199 7046200 7076945
2200 7076946 7080749
2201 7080750 7083989
2202 7083990 7087732
2203 7087733 7091988
2204 7091989 7095601
2205 7095602 7110214
2206 7110215 7113274
2207 7113275 7118102
2208 7118103 7122213
2209 7122214 7124842
2210 7124843 7127574
2211 7127575 7131152
2212 7131153 7134628
2213 7134629 7154431
2214 7154432 7158437
2215 7158438 7159697
2216 7159698 7163877
2217 7163878 7167559
2218 7167560 7172914
2219 7172915 7177241
2220 7177242 7181042
2221 7181043 7185421
2222 7185422 7188497
2223 7188498 7190193
2224 7190194 7194504
2225 7194505 7198247
2226 7198248 7201432
2227 7201433 7205436
2228 7205437 7209602
2229 7209603 7213152
2230 7213153 7216802
2231 7216803 7220614
2232 7220615 7224625
2233 7224626 7228103
2234 7228104 7232420
2235 7232421 7242938
2236 7242939 7246708
2237 7246709 7251434
2238 7251435 7254944
2239 7254945 7258972
2240 7258973 7263755
2241 7263756 7267947
2242 7267948 7271905
2243 7271906 7275390
2244 7275391 7278242
2245 7278243 7281339
2246 7281340 7284478
2247 7284479 7288546
2248 7288547 7291820
2249 7291821 7311183
2250 7311184 7315544
2251 7315545 7318958
2252 7318959 7320518
2253 7320519 7323978
2254 7323979 7327500
2255 7327501 7347048
2256 7347049 7351728
2257 7351729 7353245
2258 7353246 7356665
2259 7356666 7361520
2260 7361521 7365673
2261 7365674 7369022
2262 7369023 7370255
2263 7370256 7373715
2264 7373716 7379167
2265 7379168 7382949
2266 7382950 7388021
2267 7388022 7391199
2268 7391200 7394495
2269 7394496 7398140
2270 7398141 7401877
2271 7401878 7405364
2272 7405365 7408107
2273 7408108 7411352
2274 7411353 7415005
2275 7415006 7418207
2276 7418208 7421764
2277 7421765 7440710
2278 7440711 7445233
2279 7445234 7449021
2280 7449022 7452649
2281 7452650 7454250
2282 7454251 7458586
2283 7458587 7459831
2284 7459832 7460770
2285 7460771 7463737
2286 7463738 7467815
2287 7467816 7471371
2288 7471372 7474226
2289 7474227 7477761
2290 7477762 7480380
2291 7480381 7481496
2292 7481497 7485725
2293 7485726 7505546
2294 7505547 7509380
2295 7509381 7514209
2296 7514210 7517545
2297 7517546 7522367
2298 7522368 7525689
2299 7525690 7528971
2300 7528972 7532625
2301 7532626 7536955
2302 7536956 7542429
2303 7542430 7545459
2304 7545460 7548221
2305 7548222 7551976
2306 7551977 7554113
2307 7554114 7558134
2308 7558135 7571286
2309 7571287 7573814
2310 7573815 7575746
2311 7575747 7579382
2312 7579383 7583261
2313 7583262 7587150
2314 7587151 7589060
2315 7589061 7594512
2316 7594513 7601402
2317 7601403 7603924
2318 7603925 7608520
2319 7608521 7615510
2320 7615511 7617027
2321 7617028 7619525
2322 7619526 7622212
2323 7622213 7623040
2324 7623041 7628415
2325 7628416 7628698
2326 7628699 7629550
2327 7629551 7633141
2328 7633142 7639081
2329 7639082 7640333
2330 7640334 7641732
2331 7641733 7645433
2332 7645434 7650030
2333 7650031 7652431
2334 7652432 7654648
2335 7654649 7658439
2336 7658440 7662514
2337 7662515 7663457
2338 7663458 7666409
2339 7666410 7667563
2340 7667564 7669361
2341 7669362 7671378
2342 7671379 7674519
2343 7674520 7681677
2344 7681678 7690304
2345 7690305 7694285
2346 7694286 7698297
2347 7698298 7702939
2348 7702940 7706857
2349 7706858 7711502
2350 7711503 7712674
2351 7712675 7716905
2352 7716906 7719628
2353 7719629 7721359
2354 7721360 7722452
2355 7722453 7726507
2356 7726508 7730398
2357 7730399 7733303
2358 7733304 7734608
2359 7734609 7737789
2360 7737790 7745495
2361 7745496 7764584
2362 7764585 7766796
2363 7766797 7770596
2364 7770597 7772258
2365 7772259 7776526
2366 7776527 7781662
2367 7781663 7790531
2368 7790532 7793690
2369 7793691 7807082
2370 7807083 7810842
2371 7810843 7811042
2372 7811043 7817432
2373 7817433 7826158
2374 7826159 7831941
2375 7831942 7834123
2376 7834124 7839113
2377 7839114 7840342
2378 7840343 7844221
2379 7844222 7850601
2380 7850602 7852281
2381 7852282 7855736
2382 7855737 7858557
2383 7858558 7864865
2384 7864866 7870276
2385 7870277 7872098
2386 7872099 7878868
2387 7878869 7882557
2388 7882558 7893007
2389 7893008 7900003
2390 7900004 7904581
2391 7904582 7908121
2392 7908122 7914589
2393 7914590 7924243
2394 7924244 7925851
2395 7925852 7928644
2396 7928645 7931060
2397 7931061 7935635
2398 7935636 7944364
2399 7944365 7945965
2400 7945966 7950796
2401 7950797 7958880
2402 7958881 7970428
2403 7970429 7972474
2404 7972475 7976080
2405 7976081 7981248
2406 7981249 7986581
2407 7986582 7991742
2408 7991743 7998081
2409 7998082 7999113
2410 7999114 8006310
2411 8006311 8009252
2412 8009253 8018786
2413 8018787 8023004
2414 8023005 8029427
2415 8029428 8032311
2416 8032312 8033904
2417 8033905 8036824
2418 8036825 8040224
2419 8040225 8041995
2420 8041996 8047548
2421 8047549 8056619
2422 8056620 8056805
2423 8056806 8059097
2424 8059098 8067516
2425 8067517 8074313
2426 8074314 8080772
2427 8080773 8084460
2428 8084461 8087841
2429 8087842 8090728
2430 8090729 8094141
2431 8094142 8094610
2432 8094611 8096777
2433 8096778 8100702
2434 8100703 8104316
2435 8104317 8107225
2436 8107226 8110803
2437 8110804 8113498
2438 8113499 8120058
2439 8120059 8129479
2440 8129480 8137917
2441 8137918 8148442
2442 8148443 8158134
2443 8158135 8168408
2444 8168409 8176364
2445 8176365 8181836
2446 8181837 8188078
2447 8188079 8195569
2448 8195570 8199118
2449 8199119 8203106
2450 8203107 8205475
2451 8205476 8207031
2452 8207032 8208692
2453 8208693 8211842
2454 8211843 8215354
2455 8215355 8222952
2456 8222953 8229292
2457 8229293 8235227
2458 8235228 8238798
2459 8238799 8243390
2460 8243391 8246872
2461 8246873 8258474
2462 8258475 8263624
2463 8263625 8270263
2464 8270264 8275067
2465 8275068 8276136
2466 8276137 8280301
2467 8280302 8283957
2468 8283958 8287398
2469 8287399 8291708
2470 8291709 8296611
2471 8296612 8301167
2472 8301168 8309151
2473 8309152 8311395
2474 8311396 8316931
2475 8316932 8321307
2476 8321308 8327837
2477 8327838 8332625
2478 8332626 8334791
2479 8334792 8336933
2480 8336934 8338425
2481 8338426 8341737
2482 8341738 8346331
2483 8346332 8350464
2484 8350465 8356698
2485 8356699 8365274
2486 8365275 8367126
2487 8367127 8372905
2488 8372906 8380178
2489 8380179 8381462
2490 8381463 8384881
2491 8384882 8388987
2492 8388988 8390612
2493 8390613 8397905
2494 8397906 8400658
2495 8400659 8410796
2496 8410797 8415087
2497 8415088 8420890
2498 8420891 8421703
2499 8421704 8425458
2500 8425459 8427432
2501 8427433 8429439
2502 8429440 8432566
2503 8432567 8438896
2504 8438897 8439890
2505 8439891 8446541
2506 8446542 8447489
2507 8447490 8448647
2508 8448648 8449446
2509 8449447 8455769
2510 8455770 8458624
2511 8458625 8463713
2512 8463714 8472793
2513 8472794 8480158
2514 8480159 8482000
2515 8482001 8487501
2516 8487502 8491112
2517 8491113 8492632
2518 8492633 8493284
2519 8493285 8496579
2520 8496580 8505760
2521 8505761 8508650
2522 8508651 8510878
2523 8510879 8516603
2524 8516604 8517914
2525 8517915 8522337
2526 8522338 8523040
2527 8523041 8525604
2528 8525605 8527153
2529 8527154 8528299
2530 8528300 8530827
2531 8530828 8535199
2532 8535200 8538136
2533 8538137 8543578
2534 8543579 8549454
2535 8549455 8553929
2536 8553930 8556701
2537 8556702 8558779
2538 8558780 8559859
2539 8559860 8560677
2540 8560678 8563326
2541 8563327 8569119
2542 8569120 8570077
2543 8570078 8571895
2544 8571896 8573640
2545 8573641 8581123
2546 8581124 8582340
2547 8582341 8584577
2548 8584578 8587019
2549 8587020 8588423
2550 8588424 8589016
2551 8589017 8594030
2552 8594031 8600162
2553 8600163 8611796
2554 8611797 8613024
2555 8613025 8615377
2556 8615378 8616417
2557 8616418 8617692
2558 8617693 8619885
2559 8619886 8622716
2560 8622717 8627913
2561 8627914 8630364
2562 8630365 8633397
2563 8633398 8653487
2564 8653488 8656346
2565 8656347 8657969
2566 8657970 8660226
2567 8660227 8662000
2568 8662001 8663471
2569 8663472 8670832
2570 8670833 8675445
2571 8675446 8688046
2572 8688047 8690469
2573 8690470 8692302
2574 8692303 8693758
2575 8693759 8696877
2576 8696878 8698266
2577 8698267 8702157
2578 8702158 8703271
2579 8703272 8704412
2580 8704413 8705759
2581 8705760 8708155
2582 8708156 8710125
2583 8710126 8712496
2584 8712497 8715972
2585 8715973 8716182
2586 8716183 8717163
2587 8717164 8724493
2588 8724494 8729713
2589 8729714 8736293
2590 8736294 8740737
2591 8740738 8744446
2592 8744447 8747206
2593 8747207 8778139
2594 8778140 8782111
2595 8782112 8787408
2596 8787409 8790263
2597 8790264 8792238
2598 8792239 8796991
2599 8796992 8798227
2600 8798228 8800799
2601 8800800 8803620
2602 8803621 8806330
2603 8806331 8807584
2604 8807585 8808694
2605 8808695 8809559
2606 8809560 8810544
2607 8810545 8811544
2608 8811545 8813908
2609 8813909 8815656
2610 8815657 8816813
2611 8816814 8817720
2612 8817721 8818858
2613 8818859 8820220
2614 8820221 8821223
2615 8821224 8823177
2616 8823178 8825807
2617 8825808 8827087
2618 8827088 8829834
2619 8829835 8832657
2620 8832658 8835661
2621 8835662 8836728
2622 8836729 8840360
2623 8840361 8842910
2624 8842911 8847211
2625 8847212 8850548
2626 8850549 8856436
2627 8856437 8859742
2628 8859743 8860669
2629 8860670 8863003
2630 8863004 8867637
2631 8867638 8869956
2632 8869957 8870757
2633 8870758 8876569
2634 8876570 8877810
2635 8877811 8883832
2636 8883833 8884713
2637 8884714 8886338
2638 8886339 8887218
2639 8887219 8890499
2640 8890500 8896923
2641 8896924 8897756
2642 8897757 8901183
2643 8901184 8905227
2644 8905228 8906481
2645 8906482 8907569
2646 8907570 8909378
2647 8909379 8910920
2648 8910921 8913424
2649 8913425 8915927
2650 8915928 8917682
2651 8917683 8919068
2652 8919069 8921985
2653 8921986 8924429
2654 8924430 8926004
2655 8926005 8927872
2656 8927873 8928960
2657 8928961 8929918
2658 8929919 8933289
2659 8933290 8935254
2660 8935255 8937190
2661 8937191 8939421
2662 8939422 8941382
2663 8941383 8944513
2664 8944514 8946314
2665 8946315 8949518
2666 8949519 8953326
2667 8953327 8953850
2668 8953851 8954962
2669 8954963 8955779
2670 8955780 8958354
2671 8958355 8959418
2672 8959419 8961705
2673 8961706 8963574
2674 8963575 8965005
2675 8965006 8965736
2676 8965737 8967420
2677 8967421 8969965
2678 8969966 8971538
2679 8971539 8973831
2680 8973832 8976227
2681 8976228 8978483
2682 8978484 8979557
2683 8979558 8982084
2684 8982085 8983517
2685 8983518 8987710
2686 8987711 8989826
2687 8989827 8991623
2688 8991624 8993879
2689 8993880 8998099
2690 8998100 8998643
2691 8998644 8999480
2692 8999481 9002051
2693 9002052 9006297
2694 9006298 9009862
2695 9009863 9010773
2696 9010774 9014860
2697 9014861 9018381
2698 9018382 9019609
2699 9019610 9022011
2700 9022012 9024672
2701 9024673 9029676
2702 9029677 9036225
2703 9036226 9040951
2704 9040952 9045195
2705 9045196 9048807
2706 9048808 9051866
2707 9051867 9055976
2708 9055977 9064630
2709 9064631 9068675
2710 9068676 9076216
2711 9076217 9114793
2712 9114794 9120242
2713 9120243 9138123
2714 9138124 9143423
2715 9143424 9146201
2716 9146202 9156751
2717 9156752 9160543
2718 9160544 9165280
2719 9165281 9170697
2720 9170698 9175532
2721 9175533 9180787
2722 9180788 9187522
2723 9187523 9194016
2724 9194017 9198704
2725 9198705 9202863
2726 9202864 9211825
2727 9211826 9220239
2728 9220240 9225731
2729 9225732 9230012
2730 9230013 9237465
2731 9237466 9245379
2732 9245380 9251036
2733 9251037 9256403
2734 9256404 9260877
2735 9260878 9265846
2736 9265847 9270173
2737 9270174 9274552
2738 9274553 9279907
2739 9279908 9281173
2740 9281174 9285191
2741 9285192 9305072
2742 9305073 9308790
2743 9308791 9315132
2744 9315133 9319819
2745 9319820 9322642
2746 9322643 9326132
2747 9326133 9330055
2748 9330056 9333532
2749 9333533 9337818
2750 9337819 9349743
2751 9349744 9353996
2752 9353997 9362224
2753 9362225 9370096
2754 9370097 9378108
2755 9378109 9385427
2756 9385428 9387065
2757 9387066 9392326
2758 9392327 9408784
2759 9408785 9413401
2760 9413402 9422859
2761 9422860 9428177
2762 9428178 9432383
2763 9432384 9437178
2764 9437179 9441218
2765 9441219 9451736
2766 9451737 9457300
2767 9457301 9461422
2768 9461423 9464594
2769 9464595 9468349
2770 9468350 9472279
2771 9472280 9475601
2772 9475602 9479028
2773 9479029 9497468
2774 9497469 9502285
2775 9502286 9507658
2776 9507659 9511066
2777 9511067 9522550
2778 9522551 9530436
2779 9530437 9549984
2780 9549985 9555448
2781 9555449 9556687
2782 9556688 9558823
2783 9558824 9561703
2784 9561704 9565378
2785 9565379 9584741
2786 9584742 9604527
2787 9604528 9608888
2788 9608889 9613195
2789 9613196 9616726
2790 9616727 9629300
2791 9629301 9636094
2792 9636095 9661890
2793 9661891 9673127
2794 9673128 9680231
2795 9680232 9681791
2796 9681792 9687748
2797 9687749 9694109
2798 9694110 9717709
2799 9717710 9719285
2800 9719286 9722104
2801 9722105 9729512
2802 9729513 9730813
2803 9730814 9731892
2804 9731893 9740973
2805 9740974 9752243
2806 9752244 9761498
2807 9761499 9777508
2808 9777509 9786265
2809 9786266 9794714
2810 9794715 9802098
2811 9802099 9813393
2812 9813394 9832901
2813 9832902 9846459
2814 9846460 9851945
2815 9851946 9852439
2816 9852440 9853273
2817 9853274 9856471
2818 9856472 9863815
2819 9863816 9864356
2820 9864357 9865895
2821 9865896 9869356
2822 9869357 9871461
2823 9871462 9880632
2824 9880633 9888657
2825 9888658 9897225
2826 9897226 9901918
2827 9901919 9904609
2828 9904610 9908694
2829 9908695 9913776
2830 9913777 9920930
2831 9920931 9924339
2832 9924340 9927175
2833 9927176 9927856
2834 9927857 9928910
2835 9928911 9930552
2836 9930553 9937232
2837 9937233 9938582
2838 9938583 9950035
2839 9950036 9956385
2840 9956386 9960826
2841 9960827 9986634
2842 9986635 9990386
2843 9990387 9995531
2844 9995532 10003939
2845 10003940 10013714
2846 10013715 10018349
2847 10018350 10024724
2848 10024725 10034325
2849 10034326 10047174
2850 10047175 10051868
2851 10051869 10062830
2852 10062831 10069106
2853 10069107 10074219
2854 10074220 10075978
2855 10075979 10079796
2856 10079797 10084565
2857 10084566 10088277
2858 10088278 10098997
2859 10098998 10108915
2860 10108916 10115767
2861 10115768 10121880
2862 10121881 10128471
2863 10128472 10134280
2864 10134281 10138382
2865 10138383 10142293
2866 10142294 10145800
2867 10145801 10149646
2868 10149647 10152982
2869 10152983 10165262
2870 10165263 10178109
2871 10178110 10182342
2872 10182343 10185207
2873 10185208 10190783
2874 10190784 10206705
2875 10206706 10211002
2876 10211003 10211723
2877 10211724 10212929
2878 10212930 10217343
2879 10217344 10221731
2880 10221732 10223824
2881 10223825 10236866
2882 10236867 10243577
2883 10243578 10252415
2884 10252416 10260166
2885 10260167 10270868
2886 10270869 10271086
2887 10271087 10278095
2888 10278096 10287047
2889 10287048 10289393
2890 10289394 10297561
2891 10297562 10305861
2892 10305862 10309762
2893 10309763 10315523
2894 10315524 10325795
2895 10325796 10328346
2896 10328347 10342094
2897 10342095 10346785
2898 10346786 10347318
2899 10347319 10348855
2900 10348856 10351947
2901 10351948 10354634
2902 10354635 10357389
2903 10357390 10359316
2904 10359317 10361762
2905 10361763 10368934
2906 10368935 10370498
2907 10370499 10371653
2908 10371654 10372808
2909 10372809 10373955
2910 10373956 10375110
2911 10375111 10376265
2912 10376266 10377420
2913 10377421 10378575
2914 10378576 10379730
2915 10379731 10380885
2916 10380886 10381683
2917 10381684 10382813
2918 10382814 10390903
2919 10390904 10396459
2920 10396460 10397789
2921 10397790 10399803
2922 10399804 10404568
2923 10404569 10411363
2924 10411364 10419559
2925 10419560 10423485
2926 10423486 10428985
2927 10428986 10430239
2928 10430240 10439105
2929 10439106 10445131
2930 10445132 10447201
2931 10447202 10451666
2932 10451667 10453618
2933 10453619 10462932
2934 10462933 10465342
2935 10465343 10466620
2936 10466621 10469551
2937 10469552 10471716
2938 10471717 10474738
2939 10474739 10475686
2940 10475687 10479464
2941 10479465 10482068
2942 10482069 10483590
2943 10483591 10487007
2944 10487008 10488671
2945 10488672 10495053
2946 10495054 10497529
2947 10497530 10499692
2948 10499693 10504774
2949 10504775 10513352
2950 10513353 10518552
2951 10518553 10519650
2952 10519651 10520960
2953 10520961 10522433
2954 10522434 10524909
2955 10524910 10527281
2956 10527282 10529111
2957 10529112 10532624
2958 10532625 10535054
2959 10535055 10538991
2960 10538992 10542756
2961 10542757 10543203
2962 10543204 10556600
2963 10556601 10566214
2964 10566215 10568686
2965 10568687 10570780
2966 10570781 10573222
2967 10573223 10575888
2968 10575889 10582281
2969 10582282 10590289
2970 10590290 10595529
2971 10595530 10601487
2972 10601488 10606057
2973 10606058 10608563
2974 10608564 10611057
2975 10611058 10618482
2976 10618483 10627004
2977 10627005 10632420
2978 10632421 10633074
2979 10633075 10635879
2980 10635880 10639135
2981 10639136 10640280
2982 10640281 10642068
2983 10642069 10643999
2984 10644000 10644646
2985 10644647 10645134
2986 10645135 10645745
2987 10645746 10648328
2988 10648329 10650853
2989 10650854 10652781
2990 10652782 10658561
2991 10658562 10660604
2992 10660605 10664435
2993 10664436 10672579
2994 10672580 10676777
2995 10676778 10679171
2996 10679172 10680755
2997 10680756 10683774
2998 10683775 10685560
2999 10685561 10693877
3000 10693878 10695583
3001 10695584 10696255
3002 10696256 10696918
3003 10696919 10697604
3004 10697605 10698271
3005 10698272 10698977
3006 10698978 10699661
3007 10699662 10700356
3008 10700357 10700997
3009 10700998 10701633
3010 10701634 10702292
3011 10702293 10702936
3012 10702937 10703658
3013 10703659 10704348
3014 10704349 10705016
3015 10705017 10705652
3016 10705653 10706331
3017 10706332 10706963
3018 10706964 10707627
3019 10707628 10708276
3020 10708277 10708913
3021 10708914 10709570
3022 10709571 10710220
3023 10710221 10710880
3024 10710881 10711534
3025 10711535 10712206
3026 10712207 10712912
3027 10712913 10713568
3028 10713569 10714257
3029 10714258 10714926
3030 10714927 10715591
3031 10715592 10716275
3032 10716276 10716941
3033 10716942 10717613
3034 10717614 10718317
3035 10718318 10718976
3036 10718977 10719668
3037 10719669 10720369
3038 10720370 10721047
3039 10721048 10721749
3040 10721750 10722412
3041 10722413 10723091
3042 10723092 10723802
3043 10723803 10724493
3044 10724494 10725160
3045 10725161 10725802
3046 10725803 10726477
3047 10726478 10727132
3048 10727133 10727797
3049 10727798 10728439
3050 10728440 10729108
3051 10729109 10729765
3052 10729766 10730420
3053 10730421 10731077
3054 10731078 10731728
3055 10731729 10732391
3056 10732392 10733096
3057 10733097 10733757
3058 10733758 10734448
3059 10734449 10735119
3060 10735120 10735755
3061 10735756 10736429
3062 10736430 10737096
3063 10737097 10737783
3064 10737784 10738452
3065 10738453 10739158
3066 10739159 10739799
3067 10739800 10740459
3068 10740460 10741151
3069 10741152 10741818
3070 10741819 10742492
3071 10742493 10743158
3072 10743159 10743827
3073 10743828 10744514
3074 10744515 10745220
3075 10745221 10745880
3076 10745881 10746570
3077 10746571 10747225
3078 10747226 10747943
3079 10747944 10748615
3080 10748616 10749262
3081 10749263 10749938
3082 10749939 10750597
3083 10750598 10751267
3084 10751268 10751925
3085 10751926 10752570
3086 10752571 10753228
3087 10753229 10753881
3088 10753882 10754551
3089 10754552 10755205
3090 10755206 10755913
3091 10755914 10756594
3092 10756595 10757256
3093 10757257 10757947
3094 10757948 10758606
3095 10758607 10759268
3096 10759269 10759935
3097 10759936 10760602
3098 10760603 10761267
3099 10761268 10761954
3100 10761955 10762622
3101 10762623 10763327
3102 10763328 10763988
3103 10763989 10764680
3104 10764681 10765380
3105 10765381 10766047
3106 10766048 10766690
3107 10766691 10767359
3108 10767360 10768026
3109 10768027 10768712
3110 10768713 10769386
3111 10769387 10770092
3112 10770093 10770753
3113 10770754 10771418
3114 10771419 10772077
3115 10772078 10772793
3116 10772794 10773484
3117 10773485 10774142
3118 10774143 10774812
3119 10774813 10775482
3120 10775483 10776127
3121 10776128 10776789
3122 10776790 10777446
3123 10777447 10778107
3124 10778108 10778756
3125 10778757 10779420
3126 10779421 10780078
3127 10780079 10780740
3128 10780741 10781400
3129 10781401 10782077
3130 10782078 10782783
3131 10782784 10783414
3132 10783415 10784103
3133 10784104 10784764
3134 10784765 10785455
3135 10785456 10786122
3136 10786123 10786824
3137 10786825 10787512
3138 10787513 10788183
3139 10788184 10788849
3140 10788850 10789552
3141 10789553 10790213
3142 10790214 10790930
3143 10790931 10791571
3144 10791572 10792221
3145 10792222 10792910
3146 10792911 10793580
3147 10793581 10794249
3148 10794250 10794926
3149 10794927 10795632
3150 10795633 10796300
3151 10796301 10796986
3152 10796987 10797684
3153 10797685 10798349
3154 10798350 10799024
3155 10799025 10799686
3156 10799687 10800399
3157 10800400 10801116
3158 10801117 10801781
3159 10801782 10802472
3160 10802473 10803134
3161 10803135 10803785
3162 10803786 10804440
3163 10804441 10805099
3164 10805100 10805755
3165 10805756 10806443
3166 10806444 10807111
3167 10807112 10807756
3168 10807757 10808403
3169 10808404 10809050
3170 10809051 10809709
3171 10809710 10810367
3172 10810368 10811054
3173 10811055 10811731
3174 10811732 10812429
3175 10812430 10813089
3176 10813090 10813790
3177 10813791 10814480
3178 10814481 10815144
3179 10815145 10815833
3180 10815834 10816514
3181 10816515 10817207
3182 10817208 10817884
3183 10817885 10818560
3184 10818561 10819261
3185 10819262 10819918
3186 10819919 10820121
3187 10820122 10820307
3188 10820308 10820997
3189 10820998 10821670
3190 10821671 10822371
3191 10822372 10823080
3192 10823081 10823742
3193 10823743 10824409
3194 10824410 10825099
3195 10825100 10825753
3196 10825754 10826413
3197 10826414 10827068
3198 10827069 10827722
3199 10827723 10828418
3200 10828419 10829071
3201 10829072 10829738
3202 10829739 10830391
3203 10830392 10831027
3204 10831028 10831682
3205 10831683 10832341
3206 10832342 10832985
3207 10832986 10833642
3208 10833643 10834296
3209 10834297 10834968
3210 10834969 10835620
3211 10835621 10836281
3212 10836282 10836978
3213 10836979 10837680
3214 10837681 10838397
3215 10838398 10839088
3216 10839089 10839745
3217 10839746 10840412
3218 10840413 10841100
3219 10841101 10841751
3220 10841752 10842441
3221 10842442 10843088
3222 10843089 10843751
3223 10843752 10844426
3224 10844427 10845086
3225 10845087 10845759
3226 10845760 10846456
3227 10846457 10847113
3228 10847114 10847763
3229 10847764 10848453
3230 10848454 10849113
3231 10849114 10849788
3232 10849789 10850440
3233 10850441 10851137
3234 10851138 10851798
3235 10851799 10852476
3236 10852477 10853139
3237 10853140 10853812
3238 10853813 10854523
3239 10854524 10855229
3240 10855230 10855946
3241 10855947 10856605
3242 10856606 10857336
3243 10857337 10858024
3244 10858025 10858681
3245 10858682 10859343
3246 10859344 10859994
3247 10859995 10860676
3248 10860677 10861317
3249 10861318 10861964
3250 10861965 10862634
3251 10862635 10863284
3252 10863285 10863952
3253 10863953 10864607
3254 10864608 10865289
3255 10865290 10865935
3256 10865936 10866631
3257 10866632 10867311
3258 10867312 10867970
3259 10867971 10868659
3260 10868660 10869314
3261 10869315 10869975
3262 10869976 10870671
3263 10870672 10871354
3264 10871355 10872015
3265 10872016 10872677
3266 10872678 10873351
3267 10873352 10874009
3268 10874010 10874698
3269 10874699 10875391
3270 10875392 10876046
3271 10876047 10876693
3272 10876694 10877392
3273 10877393 10878058
3274 10878059 10878717
3275 10878718 10879401
3276 10879402 10880075
3277 10880076 10880727
3278 10880728 10881417
3279 10881418 10882146
3280 10882147 10882835
3281 10882836 10883496
3282 10883497 10884204
3283 10884205 10884911
3284 10884912 10885611
3285 10885612 10886327
3286 10886328 10887046
3287 10887047 10887739
3288 10887740 10888427
3289 10888428 10889116
3290 10889117 10889822
3291 10889823 10890513
3292 10890514 10891189
3293 10891190 10891888
3294 10891889 10892529
3295 10892530 10893181
3296 10893182 10893870
3297 10893871 10894532
3298 10894533 10895231
3299 10895232 10895893
3300 10895894 10896577
3301 10896578 10897240
3302 10897241 10897911
3303 10897912 10898561
3304 10898562 10899252
3305 10899253 10899928
3306 10899929 10900564
3307 10900565 10901264
3308 10901265 10901930
3309 10901931 10902595
3310 10902596 10903284
3311 10903285 10903955
3312 10903956 10904657
3313 10904658 10905310
3314 10905311 10906048
3315 10906049 10906785
3316 10906786 10907513
3317 10907514 10908202
3318 10908203 10908875
3319 10908876 10909515
3320 10909516 10910164
3321 10910165 10910817
3322 10910818 10911477
3323 10911478 10912111
3324 10912112 10912791
3325 10912792 10913419
3326 10913420 10914057
3327 10914058 10914719
3328 10914720 10915360
3329 10915361 10916037
3330 10916038 10916738
3331 10916739 10917390
3332 10917391 10918079
3333 10918080 10918292
3334 10918293 10918967
3335 10918968 10919660
3336 10919661 10920359
3337 10920360 10921041
3338 10921042 10921706
3339 10921707 10922395
3340 10922396 10923061
3341 10923062 10923737
3342 10923738 10924389
3343 10924390 10925069
3344 10925070 10925760
3345 10925761 10926460
3346 10926461 10927112
3347 10927113 10927799
3348 10927800 10928488
3349 10928489 10929142
3350 10929143 10929861
3351 10929862 10930546
3352 10930547 10931187
3353 10931188 10931853
3354 10931854 10932508
3355 10932509 10933161
3356 10933162 10933811
3357 10933812 10934439
3358 10934440 10935090
3359 10935091 10935735
3360 10935736 10936386
3361 10936387 10937040
3362 10937041 10937689
3363 10937690 10938349
3364 10938350 10939047
3365 10939048 10939709
3366 10939710 10940396
3367 10940397 10941038
3368 10941039 10941708
3369 10941709 10942364
3370 10942365 10943084
3371 10943085 10943782
3372 10943783 10944473
3373 10944474 10945170
3374 10945171 10945832
3375 10945833 10946496
3376 10946497 10947152
3377 10947153 10947831
3378 10947832 10948481
3379 10948482 10949145
3380 10949146 10949807
3381 10949808 10950497
3382 10950498 10951156
3383 10951157 10951838
3384 10951839 10952538
3385 10952539 10953235
3386 10953236 10953910
3387 10953911 10954577
3388 10954578 10955254
3389 10955255 10955916
3390 10955917 10956606
3391 10956607 10957270
3392 10957271 10957942
3393 10957943 10958599
3394 10958600 10959248
3395 10959249 10959892
3396 10959893 10960545
3397 10960546 10961182
3398 10961183 10961835
3399 10961836 10962505
3400 10962506 10963158
3401 10963159 10963807
3402 10963808 10964505
3403 10964506 10965186
3404 10965187 10965847
3405 10965848 10966544
3406 10966545 10967233
3407 10967234 10967896
3408 10967897 10968595
3409 10968596 10969261
3410 10969262 10969928
3411 10969929 10970622
3412 10970623 10971302
3413 10971303 10971963
3414 10971964 10972652
3415 10972653 10973338
3416 10973339 10974000
3417 10974001 10974725
3418 10974726 10975401
3419 10975402 10976089
3420 10976090 10976732
3421 10976733 10977380
3422 10977381 10978020
3423 10978021 10978720
3424 10978721 10979414
3425 10979415 10980083
3426 10980084 10980752
3427 10980753 10981431
3428 10981432 10982092
3429 10982093 10982782
3430 10982783 10983449
3431 10983450 10984099
3432 10984100 10984755
3433 10984756 10985406
3434 10985407 10986049
3435 10986050 10986706
3436 10986707 10987352
3437 10987353 10988018
3438 10988019 10988649
3439 10988650 10989293
3440 10989294 10989952
3441 10989953 10990607
3442 10990608 10991307
3443 10991308 10991988
3444 10991989 10992673
3445 10992674 10993327
3446 10993328 10993995
3447 10993996 10994685
3448 10994686 10995332
3449 10995333 10995993
3450 10995994 10996655
3451 10996656 10997295
3452 10997296 10997939
3453 10997940 10998639
3454 10998640 10999302
3455 10999303 10999996
3456 10999997 11000657
3457 11000658 11001333
3458 11001334 11001987
3459 11001988 11002621
3460 11002622 11003311
3461 11003312 11003972
3462 11003973 11004672
3463 11004673 11005362
3464 11005363 11006024
3465 11006025 11006717
3466 11006718 11007379
3467 11007380 11008049
3468 11008050 11008703
3469 11008704 11009393
3470 11009394 11010035
3471 11010036 11010685
3472 11010686 11011354
3473 11011355 11012026
3474 11012027 11012671
3475 11012672 11013314
3476 11013315 11014008
3477 11014009 11014679
3478 11014680 11015323
3479 11015324 11015965
3480 11015966 11016665
3481 11016666 11017299
3482 11017300 11017975
3483 11017976 11018688
3484 11018689 11019360
3485 11019361 11020000
3486 11020001 11020647
3487 11020648 11021289
3488 11021290 11021941
3489 11021942 11022571
3490 11022572 11023225
3491 11023226 11023862
3492 11023863 11024498
3493 11024499 11025161
3494 11025162 11025806
3495 11025807 11026495
3496 11026496 11027156
3497 11027157 11027855
3498 11027856 11028483
3499 11028484 11029154
3500 11029155 11029811
3501 11029812 11031958
3502 11031959 11032967
3503 11032968 11038413
3504 11038414 11040391
3505 11040392 11041899
3506 11041900 11043762
3507 11043763 11044939
3508 11044940 11046123
3509 11046124 11053088
3510 11053089 11056851
3511 11056852 11057880
3512 11057881 11060359
3513 11060360 11062597
3514 11062598 11065826
3515 11065827 11068420
3516 11068421 11098469
3517 11098470 11099572
3518 11099573 11101325
3519 11101326 11106441
3520 11106442 11107698
3521 11107699 11109355
3522 11109356 11111093
3523 11111094 11113510
3524 11113511 11115195
3525 11115196 11116784
3526 11116785 11119430
3527 11119431 11122659
3528 11122660 11127330
3529 11127331 11129121
3530 11129122 11130083
3531 11130084 11131584
3532 11131585 11133645
3533 11133646 11135180
3534 11135181 11136987
3535 11136988 11138282
3536 11138283 11140196
3537 11140197 11141826
3538 11141827 11142693
3539 11142694 11145418
3540 11145419 11147300
3541 11147301 11153462
3542 11153463 11156198
3543 11156199 11157609
3544 11157610 11158822
3545 11158823 11161517
3546 11161518 11162981
3547 11162982 11165305
3548 11165306 11166780
3549 11166781 11168127
3550 11168128 11170326
3551 11170327 11171854
3552 11171855 11173577
3553 11173578 11178804
3554 11178805 11181399
3555 11181400 11187016
3556 11187017 11188699
3557 11188700 11190004
3558 11190005 11192982
3559 11192983 11194592
3560 11194593 11197390
3561 11197391 11198692
3562 11198693 11199561
3563 11199562 11201177
3564 11201178 11205181
3565 11205182 11208426
3566 11208427 11211420
3567 11211421 11214786
3568 11214787 11217507
3569 11217508 11218923
3570 11218924 11220302
3571 11220303 11221195
3572 11221196 11223369
3573 11223370 11225005
3574 11225006 11226104
3575 11226105 11229437
3576 11229438 11232647
3577 11232648 11236434
3578 11236435 11238197
3579 11238198 11243078
3580 11243079 11246951
3581 11246952 11248727
3582 11248728 11250521
3583 11250522 11251499
3584 11251500 11252778
3585 11252779 11253772
3586 11253773 11254943
3587 11254944 11260038
3588 11260039 11262328
3589 11262329 11264192
3590 11264193 11265330
3591 11265331 11266631
3592 11266632 11267878
3593 11267879 11272070
3594 11272071 11273585
3595 11273586 11276283
3596 11276284 11278433
3597 11278434 11279541
3598 11279542 11281384
3599 11281385 11286392
3600 11286393 11288739
3601 11288740 11293879
3602 11293880 11301712
3603 11301713 11307039
3604 11307040 11318055
3605 11318056 11319896
3606 11319897 11327172
3607 11327173 11330869
3608 11330870 11338804
3609 11338805 11339291
3610 11339292 11344513
3611 11344514 11347016
3612 11347017 11350106
3613 11350107 11353994
3614 11353995 11354752
3615 11354753 11355632
3616 11355633 11361313
3617 11361314 11362806
3618 11362807 11364953
3619 11364954 11367580
3620 11367581 11371255
3621 11371256 11374534
3622 11374535 11376629
3623 11376630 11381464
3624 11381465 11391615
3625 11391616 11392211
3626 11392212 11395384
3627 11395385 11398846
3628 11398847 11404169
3629 11404170 11407941
3630 11407942 11414198
3631 11414199 11424063
3632 11424064 11426147
3633 11426148 11427787
3634 11427788 11430919
3635 11430920 11436508
3636 11436509 11440185
3637 11440186 11442176
3638 11442177 11446579
3639 11446580 11447952
3640 11447953 11457414
3641 11457415 11461999
3642 11462000 11464589
3643 11464590 11468173
3644 11468174 11469985
3645 11469986 11471477
3646 11471478 11472991
3647 11472992 11477716
3648 11477717 11480616
3649 11480617 11489184
3650 11489185 11496968
3651 11496969 11502283
3652 11502284 11505333
3653 11505334 11512466
3654 11512467 11513669
3655 11513670 11516479
3656 11516480 11519076
3657 11519077 11521033
3658 11521034 11523359
3659 11523360 11523892
3660 11523893 11529782
3661 11529783 11530308
3662 11530309 11532390
3663 11532391 11539024
3664 11539025 11544913
3665 11544914 11547440
3666 11547441 11550521
3667 11550522 11559469
3668 11559470 11563092
3669 11563093 11566992
3670 11566993 11570039
3671 11570040 11579002
3672 11579003 11583049
3673 11583050 11586449
3674 11586450 11590094
3675 11590095 11591568
3676 11591569 11596057
3677 11596058 11597086
3678 11597087 11598869
3679 11598870 11604472
3680 11604473 11606574
3681 11606575 11608377
3682 11608378 11624238
3683 11624239 11630178
3684 11630179 11632439
3685 11632440 11635064
3686 11635065 11640474
3687 11640475 11644403
3688 11644404 11658181
3689 11658182 11662014
3690 11662015 11663870
3691 11663871 11667516
3692 11667517 11674117
3693 11674118 11677085
3694 11677086 11677657
3695 11677658 11682354
3696 11682355 11686917
3697 11686918 11689634
3698 11689635 11694384
3699 11694385 11696549
3700 11696550 11697296
3701 11697297 11697722
3702 11697723 11698158
3703 11698159 11698610
3704 11698611 11699106
3705 11699107 11699572
3706 11699573 11700046
3707 11700047 11700544
3708 11700545 11701078
3709 11701079 11701560
3710 11701561 11702072
3711 11702073 11702560
3712 11702561 11703040
3713 11703041 11703536
3714 11703537 11704000
3715 11704001 11704532
3716 11704533 11709855
3717 11709856 11711172
3718 11711173 11725781
3719 11725782 11726890
3720 11726891 11728220
3721 11728221 11733468
3722 11733469 11735983
3723 11735984 11739085
3724 11739086 11745972
3725 11745973 11752191
3726 11752192 11761408
3727 11761409 11773118
3728 11773119 11775204
3729 11775205 11781719
3730 11781720 11787549
3731 11787550 11797592
3732 11797593 11805313
3733 11805314 11805515
3734 11805516 11805753
3735 11805754 11806016
3736 11806017 11806206
3737 11806207 11806430
3738 11806431 11806632
3739 11806633 11806879
3740 11806880 11812870
3741 11812871 11814106
3742 11814107 11819054
3743 11819055 11829049
3744 11829050 11834566
3745 11834567 11837616
3746 11837617 11839619
3747 11839620 11841586
3748 11841587 11843916
3749 11843917 11845749
3750 11845750 11847176
3751 11847177 11848683
3752 11848684 11850255
3753 11850256 11851901
3754 11851902 11855369
3755 11855370 11857927
3756 11857928 11873213
3757 11873214 11876527
3758 11876528 11884508
3759 11884509 11888195
3760 11888196 11891632
3761 11891633 11897795
3762 11897796 11900358
3763 11900359 11904055
3764 11904056 11906823
3765 11906824 11916197
3766 11916198 11917588
3767 11917589 11917776
3768 11917777 11919715
3769 11919716 11924699
3770 11924700 11926108
3771 11926109 11927813
3772 11927814 11929656
3773 11929657 11932539
3774 11932540 11940715
3775 11940716 11948242
3776 11948243 11951740
3777 11951741 11961498
3778 11961499 11963150
3779 11963151 11964109
3780 11964110 11965771
3781 11965772 11969911
3782 11969912 11973680
3783 11973681 11974712
3784 11974713 11989812
3785 11989813 11993952
3786 11993953 12000469
3787 12000470 12003963
3788 12003964 12007468
3789 12007469 12008691
3790 12008692 12013491
3791 12013492 12014260
3792 12014261 12014766
3793 12014767 12022564
3794 12022565 12025430
3795 12025431 12029066
3796 12029067 12031808
3797 12031809 12033028
3798 12033029 12034028
3799 12034029 12036180
3800 12036181 12036427
3801 12036428 12036629
3802 12036630 12036886
3803 12036887 12048756
3804 12048757 12054120
3805 12054121 12060027
3806 12060028 12061800
3807 12061801 12062857
3808 12062858 12085535
3809 12085536 12087049
3810 12087050 12093677
3811 12093678 12100098
3812 12100099 12109683
3813 12109684 12111320
3814 12111321 12115103
3815 12115104 12117210
3816 12117211 12117689
3817 12117690 12120859
3818 12120860 12122977
3819 12122978 12133178
3820 12133179 12134312
3821 12134313 12135662
3822 12135663 12140851
3823 12140852 12143391
3824 12143392 12150053
3825 12150054 12157886
3826 12157887 12159311
3827 12159312 12161090
3828 12161091 12163343
3829 12163344 12166764
3830 12166765 12168729
3831 12168730 12170838
3832 12170839 12176894
3833 12176895 12178977
3834 12178978 12180441
3835 12180442 12181555
3836 12181556 12184740
3837 12184741 12191062
3838 12191063 12193053
3839 12193054 12195452
3840 12195453 12198068
3841 12198069 12200688
3842 12200689 12204298
3843 12204299 12205718
3844 12205719 12214221
3845 12214222 12218138
3846 12218139 12219625
3847 12219626 12230078
3848 12230079 12234185
3849 12234186 12241395
3850 12241396 12251438
3851 12251439 12254805
3852 12254806 12261308
3853 12261309 12265688
3854 12265689 12270357
3855 12270358 12273358
3856 12273359 12274686
3857 12274687 12277767
3858 12277768 12279731
3859 12279732 12281408
3860 12281409 12283131
3861 12283132 12286492
3862 12286493 12288564
3863 12288565 12290701
3864 12290702 12291692
3865 12291693 12293593
3866 12293594 12297558
3867 12297559 12299764
3868 12299765 12305170
3869 12305171 12306922
3870 12306923 12308826
3871 12308827 12311378
3872 12311379 12313580
3873 12313581 12315967
3874 12315968 12318161
3875 12318162 12319962
3876 12319963 12322353
3877 12322354 12328379
3878 12328380 12333341
3879 12333342 12334977
3880 12334978 12348660
3881 12348661 12354040
3882 12354041 12355024
3883 12355025 12369537
3884 12369538 12371399
3885 12371400 12373012
3886 12373013 12374115
3887 12374116 12375640
3888 12375641 12377412
3889 12377413 12383498
3890 12383499 12386494
3891 12386495 12389580
3892 12389581 12391974
3893 12391975 12393936
3894 12393937 12396794
3895 12396795 12402205
3896 12402206 12417605
3897 12417606 12424852
3898 12424853 12428215
3899 12428216 12431457
3900 12431458 12434005
3901 12434006 12436973
3902 12436974 12438323
3903 12438324 12440628
3904 12440629 12445909
3905 12445910 12447528
3906 12447529 12448832
3907 12448833 12450544
3908 12450545 12452542
3909 12452543 12454614
3910 12454615 12457225
3911 12457226 12459261
3912 12459262 12460764
3913 12460765 12462261
3914 12462262 12463663
3915 12463664 12466161
3916 12466162 12469924
3917 12469925 12471582
3918 12471583 12474290
3919 12474291 12476979
3920 12476980 12477500
3921 12477501 12481657
3922 12481658 12487736
3923 12487737 12489481
3924 12489482 12493081
3925 12493082 12495543
3926 12495544 12501573
3927 12501574 12507360
3928 12507361 12515133
3929 12515134 12520079
3930 12520080 12520993
3931 12520994 12522273
3932 12522274 12524313
3933 12524314 12528385
3934 12528386 12531886
3935 12531887 12532499
3936 12532500 12536565
3937 12536566 12539482
3938 12539483 12542342
3939 12542343 12545854
3940 12545855 12551473
3941 12551474 12556127
3942 12556128 12561228
3943 12561229 12563942
3944 12563943 12573117
3945 12573118 12582530
3946 12582531 12588085
3947 12588086 12590115
3948 12590116 12597477
3949 12597478 12599478
3950 12599479 12602973
3951 12602974 12606714
3952 12606715 12609329
3953 12609330 12617702
3954 12617703 12619017
3955 12619018 12620908
3956 12620909 12624003
3957 12624004 12628570
3958 12628571 12630602
3959 12630603 12631810
3960 12631811 12633038
3961 12633039 12638334
3962 12638335 12641124
3963 12641125 12645147
3964 12645148 12646292
3965 12646293 12648323
3966 12648324 12650476
3967 12650477 12651822
3968 12651823 12654723
3969 12654724 12656316
3970 12656317 12663644
3971 12663645 12668949
3972 12668950 12669695
3973 12669696 12670236
3974 12670237 12671106
3975 12671107 12671787
3976 12671788 12672329
3977 12672330 12672909
3978 12672910 12674259
3979 12674260 12677792
3980 12677793 12681540
3981 12681541 12682061
3982 12682062 12684155
3983 12684156 12685502
3984 12685503 12688907
3985 12688908 12695166
3986 12695167 12698443
3987 12698444 12703776
3988 12703777 12706795
3989 12706796 12710615
3990 12710616 12713914
3991 12713915 12716962
3992 12716963 12719072
3993 12719073 12721016
3994 12721017 12724223
3995 12724224 12728009
3996 12728010 12728229
3997 12728230 12730180
3998 12730181 12732361
3999 12732362 12736179
4000 12736180 12739988
4001 12739989 12743619
4002 12743620 12754780
4003 12754781 12764864
4004 12764865 12766924
4005 12766925 12770757
4006 12770758 12774214
4007 12774215 12778441
4008 12778442 12779967
4009 12779968 12781434
4010 12781435 12783796
4011 12783797 12785755
4012 12785756 12788866
4013 12788867 12791636
4014 12791637 12793564
4015 12793565 12795961
4016 12795962 12805626
4017 12805627 12807658
4018 12807659 12809524
4019 12809525 12812182
4020 12812183 12815382
4021 12815383 12824933
4022 12824934 12828408
4023 12828409 12836799
4024 12836800 12838949
4025 12838950 12840688
4026 12840689 12841766
4027 12841767 12843257
4028 12843258 12844325
4029 12844326 12845706
4030 12845707 12851079
4031 12851080 12856084
4032 12856085 12858248
4033 12858249 12859999
4034 12860000 12864028
4035 12864029 12866360
4036 12866361 12868629
4037 12868630 12876312
4038 12876313 12877640
4039 12877641 12879127
4040 12879128 12883419
4041 12883420 12884695
4042 12884696 12885939
4043 12885940 12887360
4044 12887361 12889058
4045 12889059 12894254
4046 12894255 12896789
4047 12896790 12898174
4048 12898175 12901368
4049 12901369 12912311
4050 12912312 12916152
4051 12916153 12925740
4052 12925741 12929537
4053 12929538 12931115
4054 12931116 12933240
4055 12933241 12940284
4056 12940285 12942160
4057 12942161 12949534
4058 12949535 12952932
4059 12952933 12954863
4060 12954864 12967762
4061 12967763 12973025
4062 12973026 12977713
4063 12977714 12979100
4064 12979101 12981585
4065 12981586 12983917
4066 12983918 12986081
4067 12986082 12989698
4068 12989699 12991089
4069 12991090 13002145
4070 13002146 13003325
4071 13003326 13004007
4072 13004008 13008777
4073 13008778 13010828
4074 13010829 13012133
4075 13012134 13013045
4076 13013046 13020468
4077 13020469 13023594
4078 13023595 13025499
4079 13025500 13028387
4080 13028388 13029368
4081 13029369 13030699
4082 13030700 13032065
4083 13032066 13032603
4084 13032604 13036585
4085 13036586 13041216
4086 13041217 13046184
4087 13046185 13049439
4088 13049440 13051660
4089 13051661 13052530
4090 13052531 13053326
4091 13053327 13054581
4092 13054582 13060276
4093 13060277 13061877
4094 13061878 13062655
4095 13062656 13064350
4096 13064351 13077339
4097 13077340 13077903
4098 13077904 13079755
4099 13079756 13082237
4100 13082238 13084570
4101 13084571 13087268
4102 13087269 13088928
4103 13088929 13089560
4104 13089561 13091731
4105 13091732 13093938
4106 13093939 13096149
4107 13096150 13098483
4108 13098484 13100629
4109 13100630 13101121
4110 13101122 13103560
4111 13103561 13104804
4112 13104805 13107916
4113 13107917 13109486
4114 13109487 13110203
4115 13110204 13111258
4116 13111259 13114951
4117 13114952 13116963
4118 13116964 13120191
4119 13120192 13123064
4120 13123065 13130653
4121 13130654 13131075
4122 13131076 13131599
4123 13131600 13142871
4124 13142872 13147374
4125 13147375 13151062
4126 13151063 13160100
4127 13160101 13163519
4128 13163520 13165582
4129 13165583 13167595
4130 13167596 13174738
4131 13174739 13181214
4132 13181215 13184916
4133 13184917 13187174
4134 13187175 13202155
4135 13202156 13208581
4136 13208582 13209921
4137 13209922 13211908
4138 13211909 13214857
4139 13214858 13217453
4140 13217454 13219601
4141 13219602 13221201
4142 13221202 13221953
4143 13221954 13223355
4144 13223356 13224101
4145 13224102 13224499
4146 13224500 13228498
4147 13228499 13232434
4148 13232435 13235508
4149 13235509 13239684
4150 13239685 13247303
4151 13247304 13252752
4152 13252753 13254119
4153 13254120 13259457
4154 13259458 13260641
4155 13260642 13261581
4156 13261582 13263451
4157 13263452 13265882
4158 13265883 13271390
4159 13271391 13273912
4160 13273913 13282024
4161 13282025 13284506
4162 13284507 13285433
4163 13285434 13286291
4164 13286292 13287945
4165 13287946 13290195
4166 13290196 13297493
4167 13297494 13299145
4168 13299146 13303925
4169 13303926 13306393
4170 13306394 13310042
4171 13310043 13312746
4172 13312747 13319726
4173 13319727 13322041
4174 13322042 13325075
4175 13325076 13329691
4176 13329692 13332225
4177 13332226 13335121
4178 13335122 13337038
4179 13337039 13338324
4180 13338325 13343073
4181 13343074 13344719
4182 13344720 13345734
4183 13345735 13347348
4184 13347349 13349160
4185 13349161 13353781
4186 13353782 13355466
4187 13355467 13358163
4188 13358164 13367524
4189 13367525 13369413
4190 13369414 13372059
4191 13372060 13381161
4192 13381162 13384724
4193 13384725 13390894
4194 13390895 13394275
4195 13394276 13397243
4196 13397244 13405137
4197 13405138 13406883
4198 13406884 13409096
4199 13409097 13410755
4200 13410756 13411730
4201 13411731 13414130
4202 13414131 13415821
4203 13415822 13417614
4204 13417615 13432705
4205 13432706 13440104
4206 13440105 13443259
4207 13443260 13444946
4208 13444947 13446369
4209 13446370 13454069
4210 13454070 13456073
4211 13456074 13458199
4212 13458200 13459995
4213 13459996 13461693
4214 13461694 13463782
4215 13463783 13464951
4216 13464952 13465745
4217 13465746 13466853
4218 13466854 13469804
4219 13469805 13474227
4220 13474228 13483918
4221 13483919 13486121
4222 13486122 13489299
4223 13489300 13491412
4224 13491413 13493706
4225 13493707 13520761
4226 13520762 13522668
4227 13522669 13524455
4228 13524456 13529842
4229 13529843 13535319
4230 13535320 13537833
4231 13537834 13541258
4232 13541259 13546047
4233 13546048 13549787
4234 13549788 13553180
4235 13553181 13568681
4236 13568682 13572838
4237 13572839 13576448
4238 13576449 13586618
4239 13586619 13588313
4240 13588314 13589829
4241 13589830 13595710
4242 13595711 13606683
4243 13606684 13611950
4244 13611951 13615819
4245 13615820 13618031
4246 13618032 13619354
4247 13619355 13620035
4248 13620036 13621582
4249 13621583 13626248
4250 13626249 13629000
4251 13629001 13630968
4252 13630969 13639776
4253 13639777 13646064
4254 13646065 13651272
4255 13651273 13653261
4256 13653262 13659752
4257 13659753 13662737
4258 13662738 13665692
4259 13665693 13673219
4260 13673220 13674932
4261 13674933 13677065
4262 13677066 13679673
4263 13679674 13681388
4264 13681389 13683005
4265 13683006 13693939
4266 13693940 13701570
4267 13701571 13704967
4268 13704968 13708021
4269 13708022 13709937
4270 13709938 13715528
4271 13715529 13723730
4272 13723731 13726954
4273 13726955 13727548
4274 13727549 13731221
4275 13731222 13736361
4276 13736362 13743287
4277 13743288 13744225
4278 13744226 13746605
4279 13746606 13750990
4280 13750991 13754559
4281 13754560 13757481
4282 13757482 13763124
4283 13763125 13768229
4284 13768230 13775600
4285 13775601 13776741
4286 13776742 13780697
4287 13780698 13782061
4288 13782062 13789425
4289 13789426 13792735
4290 13792736 13797134
4291 13797135 13802027
4292 13802028 13804389
4293 13804390 13810485
4294 13810486 13812781
4295 13812782 13814506
4296 13814507 13829835
4297 13829836 13839149
4298 13839150 13844559
4299 13844560 13845947
4300 13845948 13851660
4301 13851661 13853070
4302 13853071 13859651
4303 13859652 13864301
4304 13864302 13868927
4305 13868928 13878712
4306 13878713 13880460
4307 13880461 13883954
4308 13883955 13899677
4309 13899678 13909291
4310 13909292 13913217
4311 13913218 13921130
4312 13921131 13934926
4313 13934927 13938740
4314 13938741 13952848
4315 13952849 13958264
