1 0 2696
2 2697 3425
3 3426 9379
4 9380 12709
5 12710 21656
6 21657 25675
7 25676 27720
8 27721 31146
9 31147 38738
10 38739 41375
11 41376 44109
12 44110 53774
13 53775 73116
14 73117 76229
15 76230 78979
16 78980 84352
17 84353 86610
18 86611 90874
19 90875 97467
20 97468 98434
21 98435 103320
22 103321 111605
23 111606 116957
24 116958 123640
25 123641 124567
26 124568 128359
27 128360 131315
28 131316 134906
29 134907 137453
30 137454 141160
31 141161 145853
32 145854 155490
33 155491 165134
34 165135 176670
35 176671 178830
36 178831 183633
37 183634 186658
38 186659 188313
39 188314 194106
40 194107 196144
41 196145 198074
42 198075 206473
43 206474 215275
44 215276 218040
45 218041 222540
46 222541 225695
47 225696 227646
48 227647 238302
49 238303 244591
50 244592 249481
51 249482 254794
52 254795 256121
53 256122 257984
54 257985 261596
55 261597 261799
56 261800 265510
57 265511 268050
58 268051 275745
59 275746 282757
60 282758 289252
61 289253 298061
62 298062 301221
63 301222 304041
64 304042 305894
65 305895 312964
66 312965 316385
67 316386 319045
68 319046 320217
69 320218 331863
70 331864 342713
71 342714 352624
72 352625 359570
73 359571 368516
74 368517 370818
75 370819 371347
76 371348 374131
77 374132 374763
78 374764 381145
79 381146 385454
80 385455 387785
81 387786 396987
82 396988 403517
83 403518 405088
84 405089 412511
85 412512 415253
86 415254 422946
87 422947 427430
88 427431 430379
89 430380 436698
90 436699 445961
91 445962 448944
92 448945 453339
93 453340 457246
94 457247 458971
95 458972 465498
96 465499 470982
97 470983 476225
98 476226 484264
99 484265 486111
100 486112 488941
101 488942 495657
102 495658 503879
103 503880 507597
104 507598 512620
105 512621 516123
106 516124 518014
107 518015 519008
108 519009 520421
109 520422 521593
110 521594 523694
111 523695 524995
112 524996 526735
113 526736 528545
114 528546 530729
115 530730 532535
116 532536 540204
117 540205 558561
118 558562 562442
119 562443 566855
120 566856 570203
121 570204 573754
122 573755 584269
123 584270 588336
124 588337 589557
125 589558 590453
126 590454 591961
127 591962 592930
128 592931 594907
129 594908 599373
130 599374 601007
131 601008 607253
132 607254 614955
133 614956 616952
134 616953 620959
135 620960 623636
136 623637 628411
137 628412 637263
138 637264 642244
139 642245 650223
140 650224 655012
141 655013 665055
142 665056 667271
143 667272 668892
144 668893 670997
145 670998 672877
146 672878 675318
147 675319 678217
148 678218 680804
149 680805 694110
150 694111 696604
151 696605 698869
152 698870 701388
153 701389 704479
154 704480 706071
155 706072 716236
156 716237 725893
157 725894 730618
158 730619 737623
159 737624 741288
160 741289 744720
161 744721 747572
162 747573 753455
163 753456 756544
164 756545 762408
165 762409 767186
166 767187 780926
167 780927 784762
168 784763 787737
169 787738 789366
170 789367 797480
171 797481 803177
172 803178 815685
173 815686 819506
174 819507 821716
175 821717 827189
176 827190 833044
177 833045 840977
178 840978 851125
179 851126 854733
180 854734 858127
181 858128 860317
182 860318 860707
183 860708 864496
184 864497 866532
185 866533 868021
186 868022 875405
187 875406 876431
188 876432 877381
189 877382 879064
190 879065 882348
191 882349 884179
192 884180 888246
193 888247 890422
194 890423 894455
195 894456 895858
196 895859 900784
197 900785 903392
198 903393 905151
199 905152 907133
200 907134 908624
201 908625 910599
202 910600 913739
203 913740 916196
204 916197 923989
205 923990 926659
206 926660 928680
207 928681 934904
208 934905 939156
209 939157 943528
210 943529 947369
211 947370 954263
212 954264 957874
213 957875 961165
214 961166 965796
215 965797 971069
216 971070 975519
217 975520 978945
218 978946 983073
219 983074 984219
220 984220 992173
221 992174 996751
222 996752 1001147
223 1001148 1005528
224 1005529 1009621
225 1009622 1015192
226 1015193 1022997
227 1022998 1025350
228 1025351 1027484
229 1027485 1030441
230 1030442 1033392
231 1033393 1038013
232 1038014 1043449
233 1043450 1046624
234 1046625 1050719
235 1050720 1056186
236 1056187 1060875
237 1060876 1066000
238 1066001 1068497
239 1068498 1071232
240 1071233 1074207
241 1074208 1082476
242 1082477 1083711
243 1083712 1084488
244 1084489 1084698
245 1084699 1088853
246 1088854 1092204
247 1092205 1093755
248 1093756 1103711
249 1103712 1106786
250 1106787 1115548
251 1115549 1119518
252 1119519 1124770
253 1124771 1129709
254 1129710 1138300
255 1138301 1143104
256 1143105 1147031
257 1147032 1147559
258 1147560 1152252
259 1152253 1156653
260 1156654 1160474
261 1160475 1166306
262 1166307 1173530
263 1173531 1180006
264 1180007 1182586
265 1182587 1185953
266 1185954 1186927
267 1186928 1209845
268 1209846 1228433
269 1228434 1231023
270 1231024 1239507
271 1239508 1241160
272 1241161 1243561
273 1243562 1250704
274 1250705 1254050
275 1254051 1265071
276 1265072 1267953
277 1267954 1271471
278 1271472 1274700
279 1274701 1279543
280 1279544 1286815
281 1286816 1293725
282 1293726 1299924
283 1299925 1301005
284 1301006 1303797
285 1303798 1307250
286 1307251 1308303
287 1308304 1310747
288 1310748 1312307
289 1312308 1318658
290 1318659 1332290
291 1332291 1334394
292 1334395 1347354
293 1347355 1353831
294 1353832 1356716
295 1356717 1361755
296 1361756 1363725
297 1363726 1372777
298 1372778 1379348
299 1379349 1381835
300 1381836 1388288
301 1388289 1392051
302 1392052 1394482
303 1394483 1396538
304 1396539 1399064
305 1399065 1402516
306 1402517 1404994
307 1404995 1407527
308 1407528 1427809
309 1427810 1436222
310 1436223 1440608
311 1440609 1445098
312 1445099 1449257
313 1449258 1450806
314 1450807 1455307
315 1455308 1456686
316 1456687 1457883
317 1457884 1459378
318 1459379 1466821
319 1466822 1469016
320 1469017 1487058
321 1487059 1495953
322 1495954 1501645
323 1501646 1505685
324 1505686 1509262
325 1509263 1511331
326 1511332 1527720
327 1527721 1532196
328 1532197 1533365
329 1533366 1535308
330 1535309 1536677
331 1536678 1544869
332 1544870 1550057
333 1550058 1556917
334 1556918 1558862
335 1558863 1567083
336 1567084 1574661
337 1574662 1583183
338 1583184 1588177
339 1588178 1594938
340 1594939 1610046
341 1610047 1617604
342 1617605 1622702
343 1622703 1624088
344 1624089 1625675
345 1625676 1627844
346 1627845 1629207
347 1629208 1630041
348 1630042 1636429
349 1636430 1638578
350 1638579 1646892
351 1646893 1651132
352 1651133 1653025
353 1653026 1658279
354 1658280 1663765
355 1663766 1672898
356 1672899 1677607
357 1677608 1687149
358 1687150 1690938
359 1690939 1692028
360 1692029 1693470
361 1693471 1694845
362 1694846 1703941
363 1703942 1704254
364 1704255 1705999
365 1706000 1706784
366 1706785 1708256
367 1708257 1720826
368 1720827 1728876
369 1728877 1732971
370 1732972 1737988
371 1737989 1742468
372 1742469 1751425
373 1751426 1753659
374 1753660 1759040
375 1759041 1761982
376 1761983 1765109
377 1765110 1766807
378 1766808 1774915
379 1774916 1778621
380 1778622 1792809
381 1792810 1796108
382 1796109 1800001
383 1800002 1804330
384 1804331 1815939
385 1815940 1816885
386 1816886 1824905
387 1824906 1831187
388 1831188 1831985
389 1831986 1837683
390 1837684 1853399
391 1853400 1854331
392 1854332 1860412
393 1860413 1861105
394 1861106 1866382
395 1866383 1874460
396 1874461 1875917
397 1875918 1880296
398 1880297 1881013
399 1881014 1889942
400 1889943 1891318
401 1891319 1897681
402 1897682 1901272
403 1901273 1908140
404 1908141 1918330
405 1918331 1920516
406 1920517 1924199
407 1924200 1926543
408 1926544 1930259
409 1930260 1933214
410 1933215 1936996
411 1936997 1938626
412 1938627 1948773
413 1948774 1950925
414 1950926 1955920
415 1955921 1958348
416 1958349 1959870
417 1959871 1967836
418 1967837 1974639
419 1974640 1979100
420 1979101 1988726
421 1988727 1995147
422 1995148 2000893
423 2000894 2003779
424 2003780 2009470
425 2009471 2019929
426 2019930 2024253
427 2024254 2030427
428 2030428 2035075
429 2035076 2037360
430 2037361 2040800
431 2040801 2049715
432 2049716 2051531
433 2051532 2057282
434 2057283 2061340
435 2061341 2065403
436 2065404 2068024
437 2068025 2068401
438 2068402 2070267
439 2070268 2077680
440 2077681 2082139
441 2082140 2084578
442 2084579 2086331
443 2086332 2089428
444 2089429 2092964
445 2092965 2095766
446 2095767 2101015
447 2101016 2102201
448 2102202 2103373
449 2103374 2106497
450 2106498 2114128
451 2114129 2121792
452 2121793 2122991
453 2122992 2129037
454 2129038 2130739
455 2130740 2133078
456 2133079 2137926
457 2137927 2139659
458 2139660 2143026
459 2143027 2144963
460 2144964 2146144
461 2146145 2148795
462 2148796 2149475
463 2149476 2152285
464 2152286 2157505
465 2157506 2157701
466 2157702 2159367
467 2159368 2162211
468 2162212 2166383
469 2166384 2167644
470 2167645 2168765
471 2168766 2170393
472 2170394 2171585
473 2171586 2173257
474 2173258 2174091
475 2174092 2174966
476 2174967 2178803
477 2178804 2179643
478 2179644 2182767
479 2182768 2190622
480 2190623 2193179
481 2193180 2194695
482 2194696 2197866
483 2197867 2199034
484 2199035 2201743
485 2201744 2204104
486 2204105 2205460
487 2205461 2206499
488 2206500 2210181
489 2210182 2213263
490 2213264 2214737
491 2214738 2223100
492 2223101 2224573
493 2224574 2226639
494 2226640 2227605
495 2227606 2229281
496 2229282 2230916
497 2230917 2231840
498 2231841 2234277
499 2234278 2243933
500 2243934 2247902
501 2247903 2249384
502 2249385 2252651
503 2252652 2253857
504 2253858 2255639
505 2255640 2260198
506 2260199 2261283
507 2261284 2265509
508 2265510 2267338
509 2267339 2269489
510 2269490 2269704
511 2269705 2274665
512 2274666 2277300
513 2277301 2279905
514 2279906 2280270
515 2280271 2281801
516 2281802 2283305
517 2283306 2285498
518 2285499 2286995
519 2286996 2288080
520 2288081 2290751
521 2290752 2291770
522 2291771 2292103
523 2292104 2296684
524 2296685 2297972
525 2297973 2298869
526 2298870 2302791
527 2302792 2304135
528 2304136 2307267
529 2307268 2309894
530 2309895 2310434
531 2310435 2311727
532 2311728 2312969
533 2312970 2315471
534 2315472 2316672
535 2316673 2324825
536 2324826 2325419
537 2325420 2326758
538 2326759 2334177
539 2334178 2338049
540 2338050 2341768
541 2341769 2345239
542 2345240 2352252
543 2352253 2357178
544 2357179 2358842
545 2358843 2360440
546 2360441 2362481
547 2362482 2363827
548 2363828 2364337
549 2364338 2365696
550 2365697 2367997
551 2367998 2372493
552 2372494 2374035
553 2374036 2385597
554 2385598 2387654
555 2387655 2388474
556 2388475 2389396
557 2389397 2390459
558 2390460 2392287
559 2392288 2393006
560 2393007 2404581
561 2404582 2406367
562 2406368 2409335
563 2409336 2413084
564 2413085 2414037
565 2414038 2416250
566 2416251 2417482
567 2417483 2422248
568 2422249 2422562
569 2422563 2429621
570 2429622 2430667
571 2430668 2432452
572 2432453 2435022
573 2435023 2436510
574 2436511 2437759
575 2437760 2444442
576 2444443 2447985
577 2447986 2448995
578 2448996 2452533
579 2452534 2454189
580 2454190 2457188
581 2457189 2458511
582 2458512 2459023
583 2459024 2459802
584 2459803 2464642
585 2464643 2465879
586 2465880 2472329
587 2472330 2475024
588 2475025 2475471
589 2475472 2479717
590 2479718 2480241
591 2480242 2481731
592 2481732 2483860
593 2483861 2486659
594 2486660 2489838
595 2489839 2491217
596 2491218 2492754
597 2492755 2493893
598 2493894 2495347
599 2495348 2497700
600 2497701 2498294
601 2498295 2499598
602 2499599 2505124
603 2505125 2506373
604 2506374 2508338
605 2508339 2511011
606 2511012 2513440
607 2513441 2514665
608 2514666 2515813
609 2515814 2522642
610 2522643 2525820
611 2525821 2528425
612 2528426 2533678
613 2533679 2535604
614 2535605 2538185
615 2538186 2542971
616 2542972 2547710
617 2547711 2552208
618 2552209 2555307
619 2555308 2563013
620 2563014 2568837
621 2568838 2572377
622 2572378 2575732
623 2575733 2578109
624 2578110 2581615
625 2581616 2583801
626 2583802 2585852
627 2585853 2595052
628 2595053 2600473
629 2600474 2608010
630 2608011 2613463
631 2613464 2618334
632 2618335 2626613
633 2626614 2638577
634 2638578 2644921
635 2644922 2646366
636 2646367 2648236
637 2648237 2649224
638 2649225 2654536
639 2654537 2657501
640 2657502 2658184
641 2658185 2662387
642 2662388 2663215
643 2663216 2666376
644 2666377 2667122
645 2667123 2668055
646 2668056 2672296
647 2672297 2675979
648 2675980 2677267
649 2677268 2679087
650 2679088 2680248
651 2680249 2681897
652 2681898 2682788
653 2682789 2685299
654 2685300 2689696
655 2689697 2694391
656 2694392 2695514
657 2695515 2697769
658 2697770 2698738
659 2698739 2700723
660 2700724 2701629
661 2701630 2702835
662 2702836 2704331
663 2704332 2704898
664 2704899 2708876
665 2708877 2710337
666 2710338 2715161
667 2715162 2717656
668 2717657 2719735
669 2719736 2722236
670 2722237 2724488
671 2724489 2727985
672 2727986 2729670
673 2729671 2730805
674 2730806 2733424
675 2733425 2735462
676 2735463 2737370
677 2737371 2741673
678 2741674 2756282
679 2756283 2758417
680 2758418 2765015
681 2765016 2778756
682 2778757 2787828
683 2787829 2791544
684 2791545 2796161
685 2796162 2799811
686 2799812 2805493
687 2805494 2807194
688 2807195 2816300
689 2816301 2820297
690 2820298 2822199
691 2822200 2831973
692 2831974 2838470
693 2838471 2840933
694 2840934 2845472
695 2845473 2853033
696 2853034 2855129
697 2855130 2858844
698 2858845 2863167
699 2863168 2864263
700 2864264 2866487
701 2866488 2869829
702 2869830 2873522
703 2873523 2879881
704 2879882 2881371
705 2881372 2884058
706 2884059 2886154
707 2886155 2889265
708 2889266 2890870
709 2890871 2899387
710 2899388 2902893
711 2902894 2906286
712 2906287 2907654
713 2907655 2915572
714 2915573 2923774
715 2923775 2932413
716 2932414 2938101
717 2938102 2945522
718 2945523 2952606
719 2952607 2958099
720 2958100 2959896
721 2959897 2966322
722 2966323 2975360
723 2975361 2979226
724 2979227 2983821
725 2983822 2986550
726 2986551 2988949
727 2988950 2992812
728 2992813 2997623
729 2997624 3001887
730 3001888 3005136
731 3005137 3012190
732 3012191 3020767
733 3020768 3029257
734 3029258 3032055
735 3032056 3032702
736 3032703 3036893
737 3036894 3045030
738 3045031 3053368
739 3053369 3058777
740 3058778 3061191
741 3061192 3068790
742 3068791 3075433
743 3075434 3078896
744 3078897 3081796
745 3081797 3082856
746 3082857 3085910
747 3085911 3096511
748 3096512 3104075
749 3104076 3111692
750 3111693 3112733
751 3112734 3115702
752 3115703 3117496
753 3117497 3125524
754 3125525 3132466
755 3132467 3136528
756 3136529 3137560
757 3137561 3147140
758 3147141 3156771
759 3156772 3159477
760 3159478 3163271
761 3163272 3168962
762 3168963 3183745
763 3183746 3186790
764 3186791 3191246
765 3191247 3199138
766 3199139 3205637
767 3205638 3208144
768 3208145 3212010
769 3212011 3215811
770 3215812 3217670
771 3217671 3221056
772 3221057 3226134
773 3226135 3228374
774 3228375 3229480
775 3229481 3230843
776 3230844 3234838
777 3234839 3235828
778 3235829 3239314
779 3239315 3242614
780 3242615 3246289
781 3246290 3249565
782 3249566 3252029
783 3252030 3253015
784 3253016 3254276
785 3254277 3262342
786 3262343 3269354
787 3269355 3273837
788 3273838 3281134
789 3281135 3282129
790 3282130 3285458
791 3285459 3294528
792 3294529 3296675
793 3296676 3302970
794 3302971 3309256
795 3309257 3310398
796 3310399 3311228
797 3311229 3318028
798 3318029 3321609
799 3321610 3324289
800 3324290 3325312
801 3325313 3327268
802 3327269 3328830
803 3328831 3331391
804 3331392 3333399
805 3333400 3337152
806 3337153 3338095
807 3338096 3339303
808 3339304 3341230
809 3341231 3342669
810 3342670 3346481
811 3346482 3352200
812 3352201 3354441
813 3354442 3357344
814 3357345 3358849
815 3358850 3364600
816 3364601 3367259
817 3367260 3368547
818 3368548 3369813
819 3369814 3371148
820 3371149 3379104
821 3379105 3380817
822 3380818 3383648
823 3383649 3384891
824 3384892 3386322
825 3386323 3391447
826 3391448 3394489
827 3394490 3395786
828 3395787 3398575
829 3398576 3400019
830 3400020 3400949
831 3400950 3403725
832 3403726 3405220
833 3405221 3406128
834 3406129 3409129
835 3409130 3410352
836 3410353 3419132
837 3419133 3421741
838 3421742 3423366
839 3423367 3425601
840 3425602 3427592
841 3427593 3433846
842 3433847 3435925
843 3435926 3437492
844 3437493 3440640
845 3440641 3444700
846 3444701 3447384
847 3447385 3450267
848 3450268 3451304
849 3451305 3452723
850 3452724 3458229
851 3458230 3459876
852 3459877 3463495
853 3463496 3465576
854 3465577 3471385
855 3471386 3478166
856 3478167 3479387
857 3479388 3480907
858 3480908 3481264
859 3481265 3483463
860 3483464 3485205
861 3485206 3488151
862 3488152 3489371
863 3489372 3491331
864 3491332 3492253
865 3492254 3494121
866 3494122 3497088
867 3497089 3503974
868 3503975 3506635
869 3506636 3508198
870 3508199 3509966
871 3509967 3511671
872 3511672 3512631
873 3512632 3521590
874 3521591 3527200
875 3527201 3532868
876 3532869 3538353
877 3538354 3545095
878 3545096 3547168
879 3547169 3566624
880 3566625 3574304
881 3574305 3576123
882 3576124 3577360
883 3577361 3580395
884 3580396 3582252
885 3582253 3584944
886 3584945 3589118
887 3589119 3590530
888 3590531 3591124
889 3591125 3597695
890 3597696 3600110
891 3600111 3601938
892 3601939 3605284
893 3605285 3607172
894 3607173 3620930
895 3620931 3621471
896 3621472 3623110
897 3623111 3626140
898 3626141 3628507
899 3628508 3631338
900 3631339 3649711
901 3649712 3649918
902 3649919 3650087
903 3650088 3650284
904 3650285 3650453
905 3650454 3651067
906 3651068 3651715
907 3651716 3652336
908 3652337 3653002
909 3653003 3653650
910 3653651 3654274
911 3654275 3654456
912 3654457 3655050
913 3655051 3655667
914 3655668 3656347
915 3656348 3656570
916 3656571 3656739
917 3656740 3657390
918 3657391 3657553
919 3657554 3658214
920 3658215 3658845
921 3658846 3659471
922 3659472 3660100
923 3660101 3660729
924 3660730 3661358
925 3661359 3661984
926 3661985 3662604
927 3662605 3663235
928 3663236 3663870
929 3663871 3664054
930 3664055 3664701
931 3664702 3665331
932 3665332 3665948
933 3665949 3666120
934 3666121 3666743
935 3666744 3666955
936 3666956 3667631
937 3667632 3667844
938 3667845 3668463
939 3668464 3668825
940 3668826 3669009
941 3669010 3669673
942 3669674 3670322
943 3670323 3670887
944 3670888 3671519
945 3671520 3672194
946 3672195 3672822
947 3672823 3673482
948 3673483 3674127
949 3674128 3674760
950 3674761 3675413
951 3675414 3676059
952 3676060 3676715
953 3676716 3677365
954 3677366 3677574
955 3677575 3678203
956 3678204 3678830
957 3678831 3679444
958 3679445 3680092
959 3680093 3680713
960 3680714 3681382
961 3681383 3682008
962 3682009 3682630
963 3682631 3682843
964 3682844 3683390
965 3683391 3684007
966 3684008 3684210
967 3684211 3684857
968 3684858 3685489
969 3685490 3686106
970 3686107 3686324
971 3686325 3686942
972 3686943 3687113
973 3687114 3687778
974 3687779 3688395
975 3688396 3688566
976 3688567 3688755
977 3688756 3688937
978 3688938 3689146
979 3689147 3689769
980 3689770 3690420
981 3690421 3691041
982 3691042 3691705
983 3691706 3692365
984 3692366 3692992
985 3692993 3693206
986 3693207 3693753
987 3693754 3694370
988 3694371 3694570
989 3694571 3694856
990 3694857 3695159
991 3695160 3695342
992 3695343 3695989
993 3695990 3696619
994 3696620 3696828
995 3696829 3697108
996 3697109 3697410
997 3697411 3698068
998 3698069 3698239
999 3698240 3698499
1000 3698500 3699117
1001 3699118 3699309
1002 3699310 3699935
1003 3699936 3700170
1004 3700171 3700823
1005 3700824 3701498
1006 3701499 3702125
1007 3702126 3702758
1008 3702759 3703386
1009 3703387 3704018
1010 3704019 3704199
1011 3704200 3704747
1012 3704748 3705399
1013 3705400 3705611
1014 3705612 3705805
1015 3705806 3706456
1016 3706457 3707086
1017 3707087 3707738
1018 3707739 3707942
1019 3707943 3708590
1020 3708591 3708776
1021 3708777 3709402
1022 3709403 3709592
1023 3709593 3710215
1024 3710216 3710867
1025 3710868 3711506
1026 3711507 3712178
1027 3712179 3712830
1028 3712831 3713492
1029 3713493 3714131
1030 3714132 3714797
1031 3714798 3715451
1032 3715452 3716103
1033 3716104 3716757
1034 3716758 3717405
1035 3717406 3718033
1036 3718034 3718231
1037 3718232 3718856
1038 3718857 3719470
1039 3719471 3720088
1040 3720089 3720709
1041 3720710 3721338
1042 3721339 3721975
1043 3721976 3722604
1044 3722605 3723256
1045 3723257 3723441
1046 3723442 3724035
1047 3724036 3724685
1048 3724686 3724877
1049 3724878 3725512
1050 3725513 3726129
1051 3726130 3726760
1052 3726761 3727412
1053 3727413 3728041
1054 3728042 3728672
1055 3728673 3729300
1056 3729301 3729514
1057 3729515 3730142
1058 3730143 3730801
1059 3730802 3730971
1060 3730972 3731608
1061 3731609 3732260
1062 3732261 3732920
1063 3732921 3733580
1064 3733581 3733751
1065 3733752 3734369
1066 3734370 3734578
1067 3734579 3734761
1068 3734762 3734950
1069 3734951 3735133
1070 3735134 3735744
1071 3735745 3736366
1072 3736367 3736995
1073 3736996 3737632
1074 3737633 3738262
1075 3738263 3738895
1076 3738896 3739079
1077 3739080 3739673
1078 3739674 3740325
1079 3740326 3740496
1080 3740497 3741117
1081 3741118 3741303
1082 3741304 3741935
1083 3741936 3742553
1084 3742554 3743205
1085 3743206 3743419
1086 3743420 3744044
1087 3744045 3744226
1088 3744227 3744861
1089 3744862 3745513
1090 3745514 3745722
1091 3745723 3745905
1092 3745906 3746069
1093 3746070 3746252
1094 3746253 3746864
1095 3746865 3747486
1096 3747487 3748116
1097 3748117 3748755
1098 3748756 3749386
1099 3749387 3750014
1100 3750015 3750198
1101 3750199 3750794
1102 3750795 3751444
1103 3751445 3751651
1104 3751652 3752285
1105 3752286 3752901
1106 3752902 3753553
1107 3753554 3753829
1108 3753830 3754455
1109 3754456 3754626
1110 3754627 3755261
1111 3755262 3755472
1112 3755473 3756172
1113 3756173 3756336
1114 3756337 3756973
1115 3756974 3757624
1116 3757625 3757810
1117 3757811 3758014
1118 3758015 3758200
1119 3758201 3758398
1120 3758399 3758584
1121 3758585 3758764
1122 3758765 3758950
1123 3758951 3759133
1124 3759134 3759331
1125 3759332 3759523
1126 3759524 3760136
1127 3760137 3760319
1128 3760320 3760912
1129 3760913 3761125
1130 3761126 3761754
1131 3761755 3762383
1132 3762384 3762998
1133 3762999 3763621
1134 3763622 3764251
1135 3764252 3764888
1136 3764889 3765518
1137 3765519 3766144
1138 3766145 3766325
1139 3766326 3766958
1140 3766959 3767576
1141 3767577 3768227
1142 3768228 3768878
1143 3768879 3769091
1144 3769092 3769714
1145 3769715 3770337
1146 3770338 3770528
1147 3770529 3770713
1148 3770714 3770878
1149 3770879 3771517
1150 3771518 3772168
1151 3772169 3772360
1152 3772361 3772524
1153 3772525 3772707
1154 3772708 3772915
1155 3772916 3773528
1156 3773529 3774154
1157 3774155 3774784
1158 3774785 3775423
1159 3775424 3776053
1160 3776054 3776680
1161 3776681 3776857
1162 3776858 3777450
1163 3777451 3778101
1164 3778102 3778298
1165 3778299 3778931
1166 3778932 3779545
1167 3779546 3780196
1168 3780197 3780419
1169 3780420 3781041
1170 3781042 3781245
1171 3781246 3781876
1172 3781877 3782047
1173 3782048 3782686
1174 3782687 3783337
1175 3783338 3783506
1176 3783507 3784127
1177 3784128 3784317
1178 3784318 3784493
1179 3784494 3784651
1180 3784652 3784859
1181 3784860 3785472
1182 3785473 3786096
1183 3786097 3786726
1184 3786727 3787367
1185 3787368 3787998
1186 3787999 3788626
1187 3788627 3789277
1188 3789278 3789460
1189 3789461 3790053
1190 3790054 3790738
1191 3790739 3790961
1192 3790962 3791164
1193 3791165 3791796
1194 3791797 3792414
1195 3792415 3792608
1196 3792609 3792793
1197 3792794 3793444
1198 3793445 3793625
1199 3793626 3794299
1200 3794300 3794510
1201 3794511 3795176
1202 3795177 3795407
1203 3795408 3796030
1204 3796031 3796215
1205 3796216 3796420
1206 3796421 3797059
1207 3797060 3797709
1208 3797710 3798376
1209 3798377 3799018
1210 3799019 3799677
1211 3799678 3800331
1212 3800332 3800989
1213 3800990 3801635
1214 3801636 3802296
1215 3802297 3802951
1216 3802952 3803610
1217 3803611 3804267
1218 3804268 3804900
1219 3804901 3805110
1220 3805111 3805739
1221 3805740 3806365
1222 3806366 3806980
1223 3806981 3807604
1224 3807605 3808229
1225 3808230 3808869
1226 3808870 3809499
1227 3809500 3810158
1228 3810159 3810329
1229 3810330 3810922
1230 3810923 3811110
1231 3811111 3811729
1232 3811730 3812380
1233 3812381 3812566
1234 3812567 3813206
1235 3813207 3813397
1236 3813398 3814030
1237 3814031 3814647
1238 3814648 3815301
1239 3815302 3815952
1240 3815953 3816165
1241 3816166 3816785
1242 3816786 3816956
1243 3816957 3817595
1244 3817596 3818246
1245 3818247 3818478
1246 3818479 3818636
1247 3818637 3818858
1248 3818859 3819016
1249 3819017 3819627
1250 3819628 3820250
1251 3820251 3820880
1252 3820881 3821523
1253 3821524 3822155
1254 3822156 3822789
1255 3822790 3822972
1256 3822973 3823567
1257 3823568 3824218
1258 3824219 3824407
1259 3824408 3824604
1260 3824605 3825236
1261 3825237 3825852
1262 3825853 3826503
1263 3826504 3826753
1264 3826754 3826926
1265 3826927 3827102
1266 3827103 3827303
1267 3827304 3827922
1268 3827923 3828093
1269 3828094 3828731
1270 3828732 3829382
1271 3829383 3829600
1272 3829601 3829825
1273 3829826 3830434
1274 3830435 3830611
1275 3830612 3831205
1276 3831206 3831363
1277 3831364 3831548
1278 3831549 3831713
1279 3831714 3831908
1280 3831909 3832541
1281 3832542 3833173
1282 3833174 3833804
1283 3833805 3834012
1284 3834013 3834625
1285 3834626 3835250
1286 3835251 3835880
1287 3835881 3836520
1288 3836521 3837150
1289 3837151 3837809
1290 3837810 3838461
1291 3838462 3838646
1292 3838647 3839279
1293 3839280 3839895
1294 3839896 3840547
1295 3840548 3840789
1296 3840790 3841471
1297 3841472 3842077
1298 3842078 3842271
1299 3842272 3842902
1300 3842903 3843137
1301 3843138 3843806
1302 3843807 3844019
1303 3844020 3844644
1304 3844645 3844815
1305 3844816 3845455
1306 3845456 3845635
1307 3845636 3846287
1308 3846288 3846469
1309 3846470 3847125
1310 3847126 3847778
1311 3847779 3848463
1312 3848464 3849128
1313 3849129 3849770
1314 3849771 3850414
1315 3850415 3851058
1316 3851059 3851714
1317 3851715 3852369
1318 3852370 3853053
1319 3853054 3853673
1320 3853674 3853883
1321 3853884 3854509
1322 3854510 3855139
1323 3855140 3855751
1324 3855752 3856375
1325 3856376 3857005
1326 3857006 3857645
1327 3857646 3858273
1328 3858274 3858957
1329 3858958 3859141
1330 3859142 3859736
1331 3859737 3860388
1332 3860389 3860573
1333 3860574 3861207
1334 3861208 3861822
1335 3861823 3862474
1336 3862475 3862708
1337 3862709 3862941
1338 3862942 3863569
1339 3863570 3863759
1340 3863760 3864395
1341 3864396 3865047
1342 3865048 3865695
1343 3865696 3865902
1344 3865903 3866112
1345 3866113 3866334
1346 3866335 3866550
1347 3866551 3866760
1348 3866761 3867371
1349 3867372 3867996
1350 3867997 3868621
1351 3868622 3869258
1352 3869259 3869892
1353 3869893 3870538
1354 3870539 3870728
1355 3870729 3871322
1356 3871323 3871974
1357 3871975 3872616
1358 3872617 3872816
1359 3872817 3873448
1360 3873449 3874062
1361 3874063 3874714
1362 3874715 3874914
1363 3874915 3875097
1364 3875098 3875358
1365 3875359 3875994
1366 3875995 3876199
1367 3876200 3876852
1368 3876853 3877504
1369 3877505 3877700
1370 3877701 3878295
1371 3878296 3878518
1372 3878519 3879172
1373 3879173 3879824
1374 3879825 3880003
1375 3880004 3880640
1376 3880641 3881254
1377 3881255 3881906
1378 3881907 3882099
1379 3882100 3882731
1380 3882732 3882961
1381 3882962 3883578
1382 3883579 3883762
1383 3883763 3884381
1384 3884382 3885033
1385 3885034 3885221
1386 3885222 3885415
1387 3885416 3885597
1388 3885598 3885824
1389 3885825 3886454
1390 3886455 3887143
1391 3887144 3887777
1392 3887778 3888427
1393 3888428 3889091
1394 3889092 3889741
1395 3889742 3890374
1396 3890375 3891026
1397 3891027 3891682
1398 3891683 3892323
1399 3892324 3892977
1400 3892978 3893628
1401 3893629 3895249
1402 3895250 3895467
1403 3895468 3898285
1404 3898286 3899230
1405 3899231 3900352
1406 3900353 3915927
1407 3915928 3922357
1408 3922358 3936318
1409 3936319 3937052
1410 3937053 3939819
1411 3939820 3941868
1412 3941869 3944474
1413 3944475 3947256
1414 3947257 3949031
1415 3949032 3969092
1416 3969093 3978128
1417 3978129 3981697
1418 3981698 3985248
1419 3985249 3988640
1420 3988641 3990740
1421 3990741 3994099
1422 3994100 3994526
1423 3994527 3997070
1424 3997071 3999976
1425 3999977 4013903
1426 4013904 4015707
1427 4015708 4019812
1428 4019813 4022569
1429 4022570 4025535
1430 4025536 4026461
1431 4026462 4027146
1432 4027147 4047293
1433 4047294 4051136
1434 4051137 4051363
1435 4051364 4079996
1436 4079997 4084207
1437 4084208 4091605
1438 4091606 4100933
1439 4100934 4131242
1440 4131243 4150922
1441 4150923 4151869
1442 4151870 4152482
1443 4152483 4154803
1444 4154804 4156414
1445 4156415 4161376
1446 4161377 4164688
1447 4164689 4168733
1448 4168734 4171230
1449 4171231 4175818
1450 4175819 4176959
1451 4176960 4178959
1452 4178960 4179625
1453 4179626 4180043
1454 4180044 4189959
1455 4189960 4192256
1456 4192257 4193106
1457 4193107 4223555
1458 4223556 4227094
1459 4227095 4228022
1460 4228023 4230604
1461 4230605 4233724
1462 4233725 4234051
1463 4234052 4241262
1464 4241263 4260290
1465 4260291 4265989
1466 4265990 4267288
1467 4267289 4269464
1468 4269465 4271808
1469 4271809 4274413
1470 4274414 4276960
1471 4276961 4278201
1472 4278202 4287197
1473 4287198 4290841
1474 4290842 4292983
1475 4292984 4295338
1476 4295339 4317430
1477 4317431 4318279
1478 4318280 4318671
1479 4318672 4319819
1480 4319820 4323660
1481 4323661 4324792
1482 4324793 4328327
1483 4328328 4331574
1484 4331575 4333148
1485 4333149 4334491
1486 4334492 4336504
1487 4336505 4338658
1488 4338659 4339938
1489 4339939 4341248
1490 4341249 4345140
1491 4345141 4345689
1492 4345690 4352156
1493 4352157 4354727
1494 4354728 4358396
1495 4358397 4359213
1496 4359214 4360481
1497 4360482 4362895
1498 4362896 4363581
1499 4363582 4364366
1500 4364367 4369380
1501 4369381 4377885
1502 4377886 4382109
1503 4382110 4385334
1504 4385335 4398191
1505 4398192 4402765
1506 4402766 4405136
1507 4405137 4407563
1508 4407564 4408222
1509 4408223 4409598
1510 4409599 4419680
1511 4419681 4441441
1512 4441442 4442312
1513 4442313 4445825
1514 4445826 4449659
1515 4449660 4451081
1516 4451082 4452148
1517 4452149 4457907
1518 4457908 4459119
1519 4459120 4460029
1520 4460030 4470849
1521 4470850 4472204
1522 4472205 4489929
1523 4489930 4499402
1524 4499403 4502245
1525 4502246 4506215
1526 4506216 4507570
1527 4507571 4512168
1528 4512169 4518123
1529 4518124 4519182
1530 4519183 4520059
1531 4520060 4522360
1532 4522361 4530525
1533 4530526 4533779
1534 4533780 4535620
1535 4535621 4536149
1536 4536150 4537696
1537 4537697 4539971
1538 4539972 4543778
1539 4543779 4549711
1540 4549712 4551040
1541 4551041 4554207
1542 4554208 4555446
1543 4555447 4556759
1544 4556760 4557862
1545 4557863 4563397
1546 4563398 4564326
1547 4564327 4568689
1548 4568690 4569031
1549 4569032 4577905
1550 4577906 4581494
1551 4581495 4583099
1552 4583100 4584436
1553 4584437 4590830
1554 4590831 4594901
1555 4594902 4596150
1556 4596151 4599092
1557 4599093 4601747
1558 4601748 4603525
1559 4603526 4607634
1560 4607635 4620449
1561 4620450 4621922
1562 4621923 4625950
1563 4625951 4629528
1564 4629529 4630891
1565 4630892 4631977
1566 4631978 4635934
1567 4635935 4642805
1568 4642806 4655742
1569 4655743 4657324
1570 4657325 4658840
1571 4658841 4660291
1572 4660292 4662720
1573 4662721 4664876
1574 4664877 4666621
1575 4666622 4668383
1576 4668384 4669536
1577 4669537 4671170
1578 4671171 4671973
1579 4671974 4678992
1580 4678993 4687118
1581 4687119 4688593
1582 4688594 4689674
1583 4689675 4694339
1584 4694340 4696759
1585 4696760 4697922
1586 4697923 4704354
1587 4704355 4706122
1588 4706123 4713671
1589 4713672 4715834
1590 4715835 4722220
1591 4722221 4726209
1592 4726210 4727598
1593 4727599 4735927
1594 4735928 4742817
1595 4742818 4752342
1596 4752343 4755980
1597 4755981 4758201
1598 4758202 4761588
1599 4761589 4766312
1600 4766313 4767989
1601 4767990 4773102
1602 4773103 4782900
1603 4782901 4784559
1604 4784560 4785307
1605 4785308 4786040
1606 4786041 4788967
1607 4788968 4790844
1608 4790845 4793162
1609 4793163 4796351
1610 4796352 4799250
1611 4799251 4802212
1612 4802213 4805226
1613 4805227 4807670
1614 4807671 4810145
1615 4810146 4812689
1616 4812690 4813549
1617 4813550 4815151
1618 4815152 4820987
1619 4820988 4823571
1620 4823572 4824865
1621 4824866 4826916
1622 4826917 4828502
1623 4828503 4831406
1624 4831407 4837215
1625 4837216 4838416
1626 4838417 4841244
1627 4841245 4843094
1628 4843095 4844337
1629 4844338 4845464
1630 4845465 4847248
1631 4847249 4853246
1632 4853247 4855054
1633 4855055 4858500
1634 4858501 4860101
1635 4860102 4860720
1636 4860721 4863430
1637 4863431 4864335
1638 4864336 4870102
1639 4870103 4875319
1640 4875320 4876938
1641 4876939 4877708
1642 4877709 4878507
1643 4878508 4880998
1644 4880999 4886804
1645 4886805 4890549
1646 4890550 4894270
1647 4894271 4897949
1648 4897950 4901723
1649 4901724 4905551
1650 4905552 4909407
1651 4909408 4913467
1652 4913468 4917344
1653 4917345 4921146
1654 4921147 4924972
1655 4924973 4928816
1656 4928817 4932579
1657 4932580 4936381
1658 4936382 4940201
1659 4940202 4944017
1660 4944018 4947880
1661 4947881 4951582
1662 4951583 4952217
1663 4952218 4958043
1664 4958044 4958734
1665 4958735 4961545
1666 4961546 4964419
1667 4964420 4965518
1668 4965519 4966800
1669 4966801 4974387
1670 4974388 4975878
1671 4975879 4978181
1672 4978182 4980284
1673 4980285 4981748
1674 4981749 4982738
1675 4982739 4984447
1676 4984448 4987076
1677 4987077 4988992
1678 4988993 5006039
1679 5006040 5007592
1680 5007593 5012446
1681 5012447 5014561
1682 5014562 5017387
1683 5017388 5023673
1684 5023674 5024213
1685 5024214 5028253
1686 5028254 5030301
1687 5030302 5031520
1688 5031521 5036185
1689 5036186 5037045
1690 5037046 5039169
1691 5039170 5041071
1692 5041072 5045260
1693 5045261 5049962
1694 5049963 5059206
1695 5059207 5063343
1696 5063344 5066056
1697 5066057 5066907
1698 5066908 5067723
1699 5067724 5068638
1700 5068639 5069697
1701 5069698 5070735
1702 5070736 5071829
1703 5071830 5078527
1704 5078528 5080696
1705 5080697 5082636
1706 5082637 5089334
1707 5089335 5095549
1708 5095550 5099185
1709 5099186 5099824
1710 5099825 5101669
1711 5101670 5104758
1712 5104759 5106024
1713 5106025 5108333
1714 5108334 5109454
1715 5109455 5112942
1716 5112943 5117062
1717 5117063 5121398
1718 5121399 5127694
1719 5127695 5131457
1720 5131458 5132177
1721 5132178 5136462
1722 5136463 5140551
1723 5140552 5141096
1724 5141097 5142103
1725 5142104 5143695
1726 5143696 5147358
1727 5147359 5150955
1728 5150956 5155767
1729 5155768 5158473
1730 5158474 5160560
1731 5160561 5163699
1732 5163700 5164509
1733 5164510 5171699
1734 5171700 5172654
1735 5172655 5175810
1736 5175811 5178203
1737 5178204 5180885
1738 5180886 5184299
1739 5184300 5186857
1740 5186858 5190936
1741 5190937 5192986
1742 5192987 5194856
1743 5194857 5199300
1744 5199301 5200731
1745 5200732 5205164
1746 5205165 5209054
1747 5209055 5214743
1748 5214744 5221416
1749 5221417 5225955
1750 5225956 5227764
1751 5227765 5229042
1752 5229043 5231899
1753 5231900 5238351
1754 5238352 5240898
1755 5240899 5244354
1756 5244355 5247075
1757 5247076 5249360
1758 5249361 5259868
1759 5259869 5260640
1760 5260641 5269764
1761 5269765 5276586
1762 5276587 5278799
1763 5278800 5281328
1764 5281329 5283727
1765 5283728 5286105
1766 5286106 5287460
1767 5287461 5288604
1768 5288605 5291558
1769 5291559 5301738
1770 5301739 5303023
1771 5303024 5307000
1772 5307001 5308133
1773 5308134 5308598
1774 5308599 5319402
1775 5319403 5321246
1776 5321247 5324618
1777 5324619 5327969
1778 5327970 5331560
1779 5331561 5341261
1780 5341262 5343454
1781 5343455 5344574
1782 5344575 5345363
1783 5345364 5346426
1784 5346427 5348267
1785 5348268 5356797
1786 5356798 5360261
1787 5360262 5366615
1788 5366616 5371438
1789 5371439 5377057
1790 5377058 5378772
1791 5378773 5384141
1792 5384142 5385841
1793 5385842 5387560
1794 5387561 5394371
1795 5394372 5397164
1796 5397165 5398669
1797 5398670 5400744
1798 5400745 5403333
1799 5403334 5405919
1800 5405920 5409708
1801 5409709 5412850
1802 5412851 5418025
1803 5418026 5423591
1804 5423592 5428291
1805 5428292 5433828
1806 5433829 5435707
1807 5435708 5439590
1808 5439591 5445671
1809 5445672 5448135
1810 5448136 5452571
1811 5452572 5453544
1812 5453545 5454334
1813 5454335 5458508
1814 5458509 5461179
1815 5461180 5464139
1816 5464140 5465393
1817 5465394 5467340
1818 5467341 5469660
1819 5469661 5472398
1820 5472399 5474704
1821 5474705 5475997
1822 5475998 5480698
1823 5480699 5485280
1824 5485281 5488859
1825 5488860 5491991
1826 5491992 5496097
1827 5496098 5500602
1828 5500603 5503377
1829 5503378 5507200
1830 5507201 5509510
1831 5509511 5511251
1832 5511252 5513550
1833 5513551 5534050
1834 5534051 5537362
1835 5537363 5541446
1836 5541447 5543365
1837 5543366 5552099
1838 5552100 5554777
1839 5554778 5560094
1840 5560095 5565443
1841 5565444 5569132
1842 5569133 5573302
1843 5573303 5579234
1844 5579235 5582263
1845 5582264 5587725
1846 5587726 5589463
1847 5589464 5592084
1848 5592085 5597116
1849 5597117 5601905
1850 5601906 5605217
1851 5605218 5610637
1852 5610638 5616128
1853 5616129 5620406
1854 5620407 5622944
1855 5622945 5627356
1856 5627357 5634756
1857 5634757 5634941
1858 5634942 5639672
1859 5639673 5639842
1860 5639843 5640744
1861 5640745 5641537
1862 5641538 5643771
1863 5643772 5645550
1864 5645551 5646487
1865 5646488 5648326
1866 5648327 5660463
1867 5660464 5664898
1868 5664899 5666779
1869 5666780 5673667
1870 5673668 5683648
1871 5683649 5684764
1872 5684765 5694709
1873 5694710 5698089
1874 5698090 5699491
1875 5699492 5703007
1876 5703008 5708373
1877 5708374 5713039
1878 5713040 5718580
1879 5718581 5722036
1880 5722037 5723771
1881 5723772 5724552
1882 5724553 5727131
1883 5727132 5731071
1884 5731072 5734599
1885 5734600 5739768
1886 5739769 5745024
1887 5745025 5746338
1888 5746339 5755711
1889 5755712 5758999
1890 5759000 5759593
1891 5759594 5761140
1892 5761141 5764459
1893 5764460 5766340
1894 5766341 5769616
1895 5769617 5774728
1896 5774729 5776859
1897 5776860 5782690
1898 5782691 5784991
1899 5784992 5789207
1900 5789208 5794124
1901 5794125 5794889
1902 5794890 5798122
1903 5798123 5798892
1904 5798893 5805112
1905 5805113 5811474
1906 5811475 5817214
1907 5817215 5827965
1908 5827966 5831761
1909 5831762 5833348
1910 5833349 5835500
1911 5835501 5845087
1912 5845088 5849402
1913 5849403 5855790
1914 5855791 5858841
1915 5858842 5864942
1916 5864943 5871024
1917 5871025 5872720
1918 5872721 5879195
1919 5879196 5882473
1920 5882474 5889186
1921 5889187 5898223
1922 5898224 5899651
1923 5899652 5902564
1924 5902565 5904342
1925 5904343 5907696
1926 5907697 5913716
1927 5913717 5920516
1928 5920517 5926822
1929 5926823 5933250
1930 5933251 5942953
1931 5942954 5952697
1932 5952698 5953881
1933 5953882 5954598
1934 5954599 5955748
1935 5955749 5959548
1936 5959549 5960220
1937 5960221 5965750
1938 5965751 5967145
1939 5967146 5969929
1940 5969930 5972250
1941 5972251 5977781
1942 5977782 5990002
1943 5990003 5992602
1944 5992603 6018691
1945 6018692 6022405
1946 6022406 6026444
1947 6026445 6038878
1948 6038879 6043283
1949 6043284 6047178
1950 6047179 6061833
1951 6061834 6074110
1952 6074111 6077789
1953 6077790 6079429
1954 6079430 6088535
1955 6088536 6090342
1956 6090343 6091058
1957 6091059 6094293
1958 6094294 6097153
1959 6097154 6102976
1960 6102977 6112598
1961 6112599 6116645
1962 6116646 6117783
1963 6117784 6119572
1964 6119573 6125076
1965 6125077 6129677
1966 6129678 6134224
1967 6134225 6138622
1968 6138623 6140484
1969 6140485 6144858
1970 6144859 6148537
1971 6148538 6154705
1972 6154706 6158900
1973 6158901 6160009
1974 6160010 6160747
1975 6160748 6169595
1976 6169596 6173553
1977 6173554 6180564
1978 6180565 6182080
1979 6182081 6184562
1980 6184563 6185653
1981 6185654 6186682
1982 6186683 6187702
1983 6187703 6193033
1984 6193034 6204036
1985 6204037 6204787
1986 6204788 6205457
1987 6205458 6209479
1988 6209480 6219573
1989 6219574 6220886
1990 6220887 6224000
1991 6224001 6224856
1992 6224857 6225543
1993 6225544 6226174
1994 6226175 6227166
1995 6227167 6227896
1996 6227897 6229653
1997 6229654 6241956
1998 6241957 6246287
1999 6246288 6257483
2000 6257484 6261098
2001 6261099 6266771
2002 6266772 6269328
2003 6269329 6277915
2004 6277916 6285325
2005 6285326 6287749
2006 6287750 6289217
2007 6289218 6290865
2008 6290866 6293546
2009 6293547 6296135
2010 6296136 6298395
2011 6298396 6301466
2012 6301467 6303543
2013 6303544 6306538
2014 6306539 6313501
2015 6313502 6319870
2016 6319871 6326771
2017 6326772 6333551
2018 6333552 6337503
2019 6337504 6345636
2020 6345637 6353430
2021 6353431 6356554
2022 6356555 6358361
2023 6358362 6361352
2024 6361353 6362975
2025 6362976 6366008
2026 6366009 6369452
2027 6369453 6371320
2028 6371321 6372855
2029 6372856 6377634
2030 6377635 6379386
2031 6379387 6380912
2032 6380913 6383384
2033 6383385 6387007
2034 6387008 6389078
2035 6389079 6390544
2036 6390545 6393363
2037 6393364 6401188
2038 6401189 6404528
2039 6404529 6408161
2040 6408162 6417043
2041 6417044 6420784
2042 6420785 6423616
2043 6423617 6425825
2044 6425826 6429400
2045 6429401 6432902
2046 6432903 6434980
2047 6434981 6436587
2048 6436588 6438388
2049 6438389 6444755
2050 6444756 6447961
2051 6447962 6450203
2052 6450204 6452070
2053 6452071 6455499
2054 6455500 6461010
2055 6461011 6463022
2056 6463023 6467179
2057 6467180 6469900
2058 6469901 6473664
2059 6473665 6475417
2060 6475418 6476961
2061 6476962 6478514
2062 6478515 6480139
2063 6480140 6483794
2064 6483795 6486534
2065 6486535 6490501
2066 6490502 6492887
2067 6492888 6495287
2068 6495288 6497881
2069 6497882 6500258
2070 6500259 6502797
2071 6502798 6526055
2072 6526056 6529274
2073 6529275 6532895
2074 6532896 6539218
2075 6539219 6542310
2076 6542311 6545610
2077 6545611 6549023
2078 6549024 6554263
2079 6554264 6555878
2080 6555879 6558470
2081 6558471 6561892
2082 6561893 6564345
2083 6564346 6565426
2084 6565427 6567790
2085 6567791 6572874
2086 6572875 6577102
2087 6577103 6580121
2088 6580122 6583899
2089 6583900 6586539
2090 6586540 6591960
2091 6591961 6594488
2092 6594489 6598278
2093 6598279 6599378
2094 6599379 6604693
2095 6604694 6606136
2096 6606137 6607351
2097 6607352 6609396
2098 6609397 6616840
2099 6616841 6620170
2100 6620171 6622708
2101 6622709 6624306
2102 6624307 6627392
2103 6627393 6628579
2104 6628580 6629171
2105 6629172 6630749
2106 6630750 6632398
2107 6632399 6633973
2108 6633974 6642802
2109 6642803 6650594
2110 6650595 6655038
2111 6655039 6657973
2112 6657974 6658591
2113 6658592 6666291
2114 6666292 6670349
2115 6670350 6682914
2116 6682915 6687853
2117 6687854 6690391
2118 6690392 6694305
2119 6694306 6710523
2120 6710524 6716847
2121 6716848 6719482
2122 6719483 6719796
2123 6719797 6722160
2124 6722161 6726031
2125 6726032 6728864
2126 6728865 6742440
2127 6742441 6750387
2128 6750388 6752311
2129 6752312 6755106
2130 6755107 6757052
2131 6757053 6758916
2132 6758917 6762402
2133 6762403 6764633
2134 6764634 6767706
2135 6767707 6769712
2136 6769713 6771556
2137 6771557 6773762
2138 6773763 6776714
2139 6776715 6779586
2140 6779587 6781531
2141 6781532 6783761
2142 6783762 6785966
2143 6785967 6787809
2144 6787810 6789814
2145 6789815 6792433
2146 6792434 6795769
2147 6795770 6797952
2148 6797953 6799878
2149 6799879 6801667
2150 6801668 6803768
2151 6803769 6808285
2152 6808286 6812198
2153 6812199 6816013
2154 6816014 6819035
2155 6819036 6821502
2156 6821503 6824084
2157 6824085 6826431
2158 6826432 6828819
2159 6828820 6833336
2160 6833337 6833665
2161 6833666 6839545
2162 6839546 6843458
2163 6843459 6847273
2164 6847274 6857242
2165 6857243 6860065
2166 6860066 6861040
2167 6861041 6865479
2168 6865480 6872666
2169 6872667 6872980
2170 6872981 6876194
2171 6876195 6878881
2172 6878882 6881275
2173 6881276 6883888
2174 6883889 6887472
2175 6887473 6891841
2176 6891842 6894467
2177 6894468 6899474
2178 6899475 6902239
2179 6902240 6910482
2180 6910483 6913250
2181 6913251 6919553
2182 6919554 6922015
2183 6922016 6923250
2184 6923251 6941106
2185 6941107 6950995
2186 6950996 6953971
2187 6953972 6957230
2188 6957231 6963133
2189 6963134 6966631
2190 6966632 6968588
2191 6968589 6971683
2192 6971684 6976193
2193 6976194 6980584
2194 6980585 6984319
2195 6984320 6987326
2196 6987327 7011917
2197 7011918 7023265
2198 7023266 7039605
2199 7039606 7070348
2200 7070349 7074149
2201 7074150 7077386
2202 7077387 7081126
2203 7081127 7085379
2204 7085380 7088989
2205 7088990 7103599
2206 7103600 7106656
2207 7106657 7111481
2208 7111482 7115589
2209 7115590 7118215
2210 7118216 7120944
2211 7120945 7124519
2212 7124520 7127992
2213 7127993 7147792
2214 7147793 7151795
2215 7151796 7153052
2216 7153053 7157229
2217 7157230 7160908
2218 7160909 7166260
2219 7166261 7170584
2220 7170585 7174382
2221 7174383 7178758
2222 7178759 7181831
2223 7181832 7183524
2224 7183525 7187832
2225 7187833 7191572
2226 7191573 7194754
2227 7194755 7198755
2228 7198756 7202918
2229 7202919 7206465
2230 7206466 7210112
2231 7210113 7213921
2232 7213922 7217929
2233 7217930 7221404
2234 7221405 7225718
2235 7225719 7236233
2236 7236234 7240000
2237 7240001 7244723
2238 7244724 7248230
2239 7248231 7252255
2240 7252256 7257035
2241 7257036 7261224
2242 7261225 7265179
2243 7265180 7268661
2244 7268662 7271510
2245 7271511 7274604
2246 7274605 7277740
2247 7277741 7281805
2248 7281806 7285076
2249 7285077 7304436
2250 7304437 7308794
2251 7308795 7312205
2252 7312206 7313762
2253 7313763 7317219
2254 7317220 7320738
2255 7320739 7340283
2256 7340284 7344960
2257 7344961 7346474
2258 7346475 7349891
2259 7349892 7354743
2260 7354744 7358893
2261 7358894 7362239
2262 7362240 7363469
2263 7363470 7366926
2264 7366927 7372375
2265 7372376 7376154
2266 7376155 7381223
2267 7381224 7384398
2268 7384399 7387691
2269 7387692 7391333
2270 7391334 7395067
2271 7395068 7398551
2272 7398552 7401291
2273 7401292 7404533
2274 7404534 7408183
2275 7408184 7411382
2276 7411383 7414936
2277 7414937 7433879
2278 7433880 7438399
2279 7438400 7442184
2280 7442185 7445809
2281 7445810 7447407
2282 7447408 7451740
2283 7451741 7452982
2284 7452983 7453918
2285 7453919 7456882
2286 7456883 7460957
2287 7460958 7464510
2288 7464511 7467362
2289 7467363 7470894
2290 7470895 7473510
2291 7473511 7474623
2292 7474624 7478849
2293 7478850 7498667
2294 7498668 7502498
2295 7502499 7507324
2296 7507325 7510657
2297 7510658 7515476
2298 7515477 7518795
2299 7518796 7522074
2300 7522075 7525725
2301 7525726 7530052
2302 7530053 7535523
2303 7535524 7538550
2304 7538551 7541309
2305 7541310 7545061
2306 7545062 7547195
2307 7547196 7551213
2308 7551214 7564362
2309 7564363 7566887
2310 7566888 7568816
2311 7568817 7572449
2312 7572450 7576325
2313 7576326 7580211
2314 7580212 7582118
2315 7582119 7587567
2316 7587568 7594454
2317 7594455 7596973
2318 7596974 7601566
2319 7601567 7608553
2320 7608554 7610067
2321 7610068 7612562
2322 7612563 7615246
2323 7615247 7616071
2324 7616072 7621443
2325 7621444 7621723
2326 7621724 7622572
2327 7622573 7626160
2328 7626161 7632097
2329 7632098 7633346
2330 7633347 7634742
2331 7634743 7638440
2332 7638441 7643034
2333 7643035 7645432
2334 7645433 7647646
2335 7647647 7651434
2336 7651435 7655506
2337 7655507 7656446
2338 7656447 7659395
2339 7659396 7660546
2340 7660547 7662341
2341 7662342 7664355
2342 7664356 7667493
2343 7667494 7674648
2344 7674649 7683272
2345 7683273 7687250
2346 7687251 7691259
2347 7691260 7695898
2348 7695899 7699813
2349 7699814 7704455
2350 7704456 7705624
2351 7705625 7709852
2352 7709853 7712572
2353 7712573 7714300
2354 7714301 7715390
2355 7715391 7719442
2356 7719443 7723330
2357 7723331 7726232
2358 7726233 7727534
2359 7727535 7730712
2360 7730713 7738415
2361 7738416 7757501
2362 7757502 7759710
2363 7759711 7763507
2364 7763508 7765166
2365 7765167 7769431
2366 7769432 7774564
2367 7774565 7783430
2368 7783431 7786586
2369 7786587 7799975
2370 7799976 7803732
2371 7803733 7803929
2372 7803930 7810316
2373 7810317 7819039
2374 7819040 7824819
2375 7824820 7826998
2376 7826999 7831985
2377 7831986 7833211
2378 7833212 7837087
2379 7837088 7843464
2380 7843465 7845141
2381 7845142 7848593
2382 7848594 7851411
2383 7851412 7857716
2384 7857717 7863124
2385 7863125 7864943
2386 7864944 7871710
2387 7871711 7875396
2388 7875397 7885843
2389 7885844 7892836
2390 7892837 7897411
2391 7897412 7900948
2392 7900949 7907413
2393 7907414 7917064
2394 7917065 7918669
2395 7918670 7921459
2396 7921460 7923872
2397 7923873 7928444
2398 7928445 7937170
2399 7937171 7938768
2400 7938769 7943596
2401 7943597 7951677
2402 7951678 7963222
2403 7963223 7965265
2404 7965266 7968868
2405 7968869 7974033
2406 7974034 7979363
2407 7979364 7984521
2408 7984522 7990857
2409 7990858 7991886
2410 7991887 7999080
2411 7999081 8002019
2412 8002020 8011550
2413 8011551 8015765
2414 8015766 8022185
2415 8022186 8025066
2416 8025067 8026656
2417 8026657 8029573
2418 8029574 8032970
2419 8032971 8034738
2420 8034739 8040288
2421 8040289 8049356
2422 8049357 8049539
2423 8049540 8051828
2424 8051829 8060244
2425 8060245 8067038
2426 8067039 8073494
2427 8073495 8077179
2428 8077180 8080557
2429 8080558 8083441
2430 8083442 8086851
2431 8086852 8087317
2432 8087318 8089481
2433 8089482 8093403
2434 8093404 8097014
2435 8097015 8099920
2436 8099921 8103495
2437 8103496 8106187
2438 8106188 8112744
2439 8112745 8122162
2440 8122163 8130597
2441 8130598 8141119
2442 8141120 8150808
2443 8150809 8161079
2444 8161080 8169032
2445 8169033 8174501
2446 8174502 8180740
2447 8180741 8188228
2448 8188229 8191774
2449 8191775 8195759
2450 8195760 8198125
2451 8198126 8199678
2452 8199679 8201336
2453 8201337 8204483
2454 8204484 8207992
2455 8207993 8215587
2456 8215588 8221924
2457 8221925 8227856
2458 8227857 8231424
2459 8231425 8236013
2460 8236014 8239492
2461 8239493 8251091
2462 8251092 8256238
2463 8256239 8262874
2464 8262875 8267675
2465 8267676 8268741
2466 8268742 8272903
2467 8272904 8276556
2468 8276557 8279994
2469 8279995 8284301
2470 8284302 8289201
2471 8289202 8293754
2472 8293755 8301735
2473 8301736 8303976
2474 8303977 8309509
2475 8309510 8313882
2476 8313883 8320409
2477 8320410 8325194
2478 8325195 8327357
2479 8327358 8329496
2480 8329497 8330985
2481 8330986 8334294
2482 8334295 8338885
2483 8338886 8343015
2484 8343016 8349246
2485 8349247 8357819
2486 8357820 8359668
2487 8359669 8365444
2488 8365445 8372714
2489 8372715 8373995
2490 8373996 8377411
2491 8377412 8381514
2492 8381515 8383136
2493 8383137 8390426
2494 8390427 8393176
2495 8393177 8403311
2496 8403312 8407599
2497 8407600 8413399
2498 8413400 8414209
2499 8414210 8417961
2500 8417962 8419932
2501 8419933 8421936
2502 8421937 8425060
2503 8425061 8431387
2504 8431388 8432378
2505 8432379 8439026
2506 8439027 8439971
2507 8439972 8441126
2508 8441127 8441922
2509 8441923 8448242
2510 8448243 8451094
2511 8451095 8456180
2512 8456181 8465257
2513 8465258 8472619
2514 8472620 8474458
2515 8474459 8479956
2516 8479957 8483564
2517 8483565 8485081
2518 8485082 8485730
2519 8485731 8489022
2520 8489023 8498200
2521 8498201 8501087
2522 8501088 8503312
2523 8503313 8509034
2524 8509035 8510342
2525 8510343 8514762
2526 8514763 8515462
2527 8515463 8518023
2528 8518024 8519569
2529 8519570 8520712
2530 8520713 8523237
2531 8523238 8527606
2532 8527607 8530540
2533 8530541 8535979
2534 8535980 8541852
2535 8541853 8546324
2536 8546325 8549093
2537 8549094 8551168
2538 8551169 8552245
2539 8552246 8553060
2540 8553061 8555706
2541 8555707 8561496
2542 8561497 8562451
2543 8562452 8564266
2544 8564267 8566008
2545 8566009 8573488
2546 8573489 8574702
2547 8574703 8576936
2548 8576937 8579375
2549 8579376 8580776
2550 8580777 8581366
2551 8581367 8586377
2552 8586378 8592506
2553 8592507 8604137
2554 8604138 8605362
2555 8605363 8607712
2556 8607713 8608749
2557 8608750 8610021
2558 8610022 8612211
2559 8612212 8615039
2560 8615040 8620233
2561 8620234 8622681
2562 8622682 8625711
2563 8625712 8645798
2564 8645799 8648654
2565 8648655 8650274
2566 8650275 8652528
2567 8652529 8654299
2568 8654300 8655767
2569 8655768 8663125
2570 8663126 8667735
2571 8667736 8680333
2572 8680334 8682753
2573 8682754 8684583
2574 8684584 8686036
2575 8686037 8689152
2576 8689153 8690538
2577 8690539 8694426
2578 8694427 8695537
2579 8695538 8696675
2580 8696676 8698019
2581 8698020 8700412
2582 8700413 8702379
2583 8702380 8704747
2584 8704748 8708220
2585 8708221 8708427
2586 8708428 8709405
2587 8709406 8716732
2588 8716733 8721949
2589 8721950 8728526
2590 8728527 8732967
2591 8732968 8736673
2592 8736674 8739430
2593 8739431 8770360
2594 8770361 8774329
2595 8774330 8779623
2596 8779624 8782475
2597 8782476 8784447
2598 8784448 8789197
2599 8789198 8790430
2600 8790431 8792999
2601 8793000 8795817
2602 8795818 8798524
2603 8798525 8799775
2604 8799776 8800882
2605 8800883 8801744
2606 8801745 8802726
2607 8802727 8803723
2608 8803724 8806084
2609 8806085 8807829
2610 8807830 8808983
2611 8808984 8809887
2612 8809888 8811022
2613 8811023 8812381
2614 8812382 8813381
2615 8813382 8815332
2616 8815333 8817959
2617 8817960 8819236
2618 8819237 8821980
2619 8821981 8824800
2620 8824801 8827801
2621 8827802 8828865
2622 8828866 8832494
2623 8832495 8835041
2624 8835042 8839339
2625 8839340 8842673
2626 8842674 8848558
2627 8848559 8851861
2628 8851862 8852785
2629 8852786 8855116
2630 8855117 8859747
2631 8859748 8862063
2632 8862064 8862861
2633 8862862 8868670
2634 8868671 8869908
2635 8869909 8875927
2636 8875928 8876805
2637 8876806 8878427
2638 8878428 8879304
2639 8879305 8882582
2640 8882583 8889003
2641 8889004 8889833
2642 8889834 8893257
2643 8893258 8897298
2644 8897299 8898549
2645 8898550 8899634
2646 8899635 8901440
2647 8901441 8902979
2648 8902980 8905480
2649 8905481 8907980
2650 8907981 8909732
2651 8909733 8911115
2652 8911116 8914029
2653 8914030 8916470
2654 8916471 8918042
2655 8918043 8919907
2656 8919908 8920992
2657 8920993 8921947
2658 8921948 8925315
2659 8925316 8927277
2660 8927278 8929210
2661 8929211 8931438
2662 8931439 8933396
2663 8933397 8936524
2664 8936525 8938322
2665 8938323 8941523
2666 8941524 8945328
2667 8945329 8945849
2668 8945850 8946958
2669 8946959 8947772
2670 8947773 8950344
2671 8950345 8951405
2672 8951406 8953689
2673 8953690 8955555
2674 8955556 8956983
2675 8956984 8957711
2676 8957712 8959392
2677 8959393 8961934
2678 8961935 8963504
2679 8963505 8965794
2680 8965795 8968187
2681 8968188 8970440
2682 8970441 8971511
2683 8971512 8974035
2684 8974036 8975465
2685 8975466 8979655
2686 8979656 8981768
2687 8981769 8983562
2688 8983563 8985815
2689 8985816 8990032
2690 8990033 8990573
2691 8990574 8991407
2692 8991408 8993975
2693 8993976 8998218
2694 8998219 9001780
2695 9001781 9002688
2696 9002689 9006772
2697 9006773 9010290
2698 9010291 9011515
2699 9011516 9013914
2700 9013915 9016572
2701 9016573 9021573
2702 9021574 9028119
2703 9028120 9032842
2704 9032843 9037083
2705 9037084 9040692
2706 9040693 9043748
2707 9043749 9047855
2708 9047856 9056506
2709 9056507 9060548
2710 9060549 9068086
2711 9068087 9106660
2712 9106661 9112106
2713 9112107 9129984
2714 9129985 9135281
2715 9135282 9138056
2716 9138057 9148603
2717 9148604 9152392
2718 9152393 9157126
2719 9157127 9162540
2720 9162541 9167372
2721 9167373 9172624
2722 9172625 9179356
2723 9179357 9185847
2724 9185848 9190532
2725 9190533 9194688
2726 9194689 9203647
2727 9203648 9212058
2728 9212059 9217547
2729 9217548 9221825
2730 9221826 9229275
2731 9229276 9237186
2732 9237187 9242840
2733 9242841 9248204
2734 9248205 9252675
2735 9252676 9257641
2736 9257642 9261965
2737 9261966 9266341
2738 9266342 9271693
2739 9271694 9272956
2740 9272957 9276971
2741 9276972 9296849
2742 9296850 9300564
2743 9300565 9306903
2744 9306904 9311587
2745 9311588 9314407
2746 9314408 9317894
2747 9317895 9321814
2748 9321815 9325288
2749 9325289 9329571
2750 9329572 9341493
2751 9341494 9345743
2752 9345744 9353968
2753 9353969 9361837
2754 9361838 9369846
2755 9369847 9377162
2756 9377163 9378797
2757 9378798 9384055
2758 9384056 9400510
2759 9400511 9405124
2760 9405125 9414579
2761 9414580 9419894
2762 9419895 9424097
2763 9424098 9428889
2764 9428890 9432926
2765 9432927 9443441
2766 9443442 9449002
2767 9449003 9453121
2768 9453122 9456290
2769 9456291 9460042
2770 9460043 9463969
2771 9463970 9467288
2772 9467289 9470712
2773 9470713 9489149
2774 9489150 9493963
2775 9493964 9499333
2776 9499334 9502738
2777 9502739 9514219
2778 9514220 9522102
2779 9522103 9541647
2780 9541648 9547108
2781 9547109 9548344
2782 9548345 9550477
2783 9550478 9553354
2784 9553355 9557026
2785 9557027 9576386
2786 9576387 9596169
2787 9596170 9600527
2788 9600528 9604831
2789 9604832 9608359
2790 9608360 9620930
2791 9620931 9627721
2792 9627722 9653514
2793 9653515 9664748
2794 9664749 9671849
2795 9671850 9673406
2796 9673407 9679360
2797 9679361 9685718
2798 9685719 9709315
2799 9709316 9710888
2800 9710889 9713704
2801 9713705 9721109
2802 9721110 9722407
2803 9722408 9723483
2804 9723484 9732561
2805 9732562 9743828
2806 9743829 9753080
2807 9753081 9769087
2808 9769088 9777841
2809 9777842 9786287
2810 9786288 9793668
2811 9793669 9804960
2812 9804961 9824465
2813 9824466 9838020
2814 9838021 9843503
2815 9843504 9843994
2816 9843995 9844825
2817 9844826 9848020
2818 9848021 9855361
2819 9855362 9855899
2820 9855900 9857435
2821 9857436 9860893
2822 9860894 9862995
2823 9862996 9872163
2824 9872164 9880185
2825 9880186 9888750
2826 9888751 9893440
2827 9893441 9896128
2828 9896129 9900210
2829 9900211 9905289
2830 9905290 9912440
2831 9912441 9915846
2832 9915847 9918679
2833 9918680 9919357
2834 9919358 9920408
2835 9920409 9922047
2836 9922048 9928724
2837 9928725 9930071
2838 9930072 9941521
2839 9941522 9947868
2840 9947869 9952306
2841 9952307 9978111
2842 9978112 9981860
2843 9981861 9987002
2844 9987003 9995407
2845 9995408 10005179
2846 10005180 10009811
2847 10009812 10016183
2848 10016184 10025781
2849 10025782 10038627
2850 10038628 10043318
2851 10043319 10054277
2852 10054278 10060550
2853 10060551 10065660
2854 10065661 10067416
2855 10067417 10071231
2856 10071232 10075997
2857 10075998 10079706
2858 10079707 10090423
2859 10090424 10100338
2860 10100339 10107187
2861 10107188 10113297
2862 10113298 10119885
2863 10119886 10125691
2864 10125692 10129790
2865 10129791 10133698
2866 10133699 10137202
2867 10137203 10141045
2868 10141046 10144378
2869 10144379 10156655
2870 10156656 10169499
2871 10169500 10173729
2872 10173730 10176591
2873 10176592 10182164
2874 10182165 10198083
2875 10198084 10202377
2876 10202378 10203095
2877 10203096 10204298
2878 10204299 10208709
2879 10208710 10213094
2880 10213095 10215184
2881 10215185 10228223
2882 10228224 10234931
2883 10234932 10243766
2884 10243767 10251514
2885 10251515 10262213
2886 10262214 10262428
2887 10262429 10269434
2888 10269435 10278383
2889 10278384 10280726
2890 10280727 10288891
2891 10288892 10297188
2892 10297189 10301086
2893 10301087 10306844
2894 10306845 10317113
2895 10317114 10319661
2896 10319662 10333406
2897 10333407 10338094
2898 10338095 10338624
2899 10338625 10340158
2900 10340159 10343247
2901 10343248 10345931
2902 10345932 10348683
2903 10348684 10350607
2904 10350608 10353050
2905 10353051 10360219
2906 10360220 10361780
2907 10361781 10362932
2908 10362933 10364084
2909 10364085 10365228
2910 10365229 10366380
2911 10366381 10367532
2912 10367533 10368684
2913 10368685 10369836
2914 10369837 10370988
2915 10370989 10372140
2916 10372141 10372935
2917 10372936 10374062
2918 10374063 10382149
2919 10382150 10387702
2920 10387703 10389029
2921 10389030 10391040
2922 10391041 10395802
2923 10395803 10402594
2924 10402595 10410787
2925 10410788 10414710
2926 10414711 10420207
2927 10420208 10421458
2928 10421459 10430321
2929 10430322 10436344
2930 10436345 10438411
2931 10438412 10442873
2932 10442874 10444822
2933 10444823 10454133
2934 10454134 10456540
2935 10456541 10457815
2936 10457816 10460743
2937 10460744 10462905
2938 10462906 10465924
2939 10465925 10466869
2940 10466870 10470644
2941 10470645 10473245
2942 10473246 10474764
2943 10474765 10478178
2944 10478179 10479839
2945 10479840 10486218
2946 10486219 10488691
2947 10488692 10490851
2948 10490852 10495930
2949 10495931 10504505
2950 10504506 10509702
2951 10509703 10510797
2952 10510798 10512104
2953 10512105 10513574
2954 10513575 10516047
2955 10516048 10518416
2956 10518417 10520243
2957 10520244 10523753
2958 10523754 10526180
2959 10526181 10530114
2960 10530115 10533876
2961 10533877 10534320
2962 10534321 10547714
2963 10547715 10557325
2964 10557326 10559794
2965 10559795 10561885
2966 10561886 10564324
2967 10564325 10566987
2968 10566988 10573377
2969 10573378 10581382
2970 10581383 10586619
2971 10586620 10592574
2972 10592575 10597141
2973 10597142 10599644
2974 10599645 10602135
2975 10602136 10609557
2976 10609558 10618076
2977 10618077 10623489
2978 10623490 10624140
2979 10624141 10626942
2980 10626943 10630195
2981 10630196 10631337
2982 10631338 10633122
2983 10633123 10635050
2984 10635051 10635694
2985 10635695 10636179
2986 10636180 10636787
2987 10636788 10639367
2988 10639368 10641889
2989 10641890 10643814
2990 10643815 10649591
2991 10649592 10651631
2992 10651632 10655459
2993 10655460 10663600
2994 10663601 10667795
2995 10667796 10670186
2996 10670187 10671767
2997 10671768 10674783
2998 10674784 10676566
2999 10676567 10684880
3000 10684881 10686583
3001 10686584 10687252
3002 10687253 10687912
3003 10687913 10688595
3004 10688596 10689259
3005 10689260 10689962
3006 10689963 10690643
3007 10690644 10691335
3008 10691336 10691973
3009 10691974 10692606
3010 10692607 10693262
3011 10693263 10693903
3012 10693904 10694622
3013 10694623 10695309
3014 10695310 10695974
3015 10695975 10696607
3016 10696608 10697283
3017 10697284 10697912
3018 10697913 10698573
3019 10698574 10699219
3020 10699220 10699853
3021 10699854 10700507
3022 10700508 10701154
3023 10701155 10701811
3024 10701812 10702462
3025 10702463 10703131
3026 10703132 10703834
3027 10703835 10704487
3028 10704488 10705173
3029 10705174 10705839
3030 10705840 10706501
3031 10706502 10707182
3032 10707183 10707845
3033 10707846 10708514
3034 10708515 10709215
3035 10709216 10709871
3036 10709872 10710560
3037 10710561 10711258
3038 10711259 10711933
3039 10711934 10712632
3040 10712633 10713292
3041 10713293 10713968
3042 10713969 10714676
3043 10714677 10715364
3044 10715365 10716028
3045 10716029 10716667
3046 10716668 10717339
3047 10717340 10717991
3048 10717992 10718653
3049 10718654 10719292
3050 10719293 10719958
3051 10719959 10720612
3052 10720613 10721264
3053 10721265 10721918
3054 10721919 10722566
3055 10722567 10723226
3056 10723227 10723928
3057 10723929 10724586
3058 10724587 10725274
3059 10725275 10725942
3060 10725943 10726575
3061 10726576 10727246
3062 10727247 10727910
3063 10727911 10728594
3064 10728595 10729260
3065 10729261 10729963
3066 10729964 10730601
3067 10730602 10731258
3068 10731259 10731947
3069 10731948 10732611
3070 10732612 10733282
3071 10733283 10733945
3072 10733946 10734611
3073 10734612 10735295
3074 10735296 10735998
3075 10735999 10736655
3076 10736656 10737342
3077 10737343 10737994
3078 10737995 10738709
3079 10738710 10739378
3080 10739379 10740022
3081 10740023 10740695
3082 10740696 10741351
3083 10741352 10742018
3084 10742019 10742673
3085 10742674 10743315
3086 10743316 10743970
3087 10743971 10744620
3088 10744621 10745287
3089 10745288 10745938
3090 10745939 10746643
3091 10746644 10747321
3092 10747322 10747980
3093 10747981 10748668
3094 10748669 10749324
3095 10749325 10749983
3096 10749984 10750647
3097 10750648 10751311
3098 10751312 10751973
3099 10751974 10752657
3100 10752658 10753322
3101 10753323 10754024
3102 10754025 10754682
3103 10754683 10755371
3104 10755372 10756068
3105 10756069 10756732
3106 10756733 10757372
3107 10757373 10758038
3108 10758039 10758702
3109 10758703 10759385
3110 10759386 10760056
3111 10760057 10760759
3112 10760760 10761417
3113 10761418 10762079
3114 10762080 10762735
3115 10762736 10763448
3116 10763449 10764136
3117 10764137 10764791
3118 10764792 10765458
3119 10765459 10766125
3120 10766126 10766767
3121 10766768 10767426
3122 10767427 10768080
3123 10768081 10768738
3124 10768739 10769384
3125 10769385 10770045
3126 10770046 10770700
3127 10770701 10771359
3128 10771360 10772016
3129 10772017 10772690
3130 10772691 10773393
3131 10773394 10774021
3132 10774022 10774707
3133 10774708 10775365
3134 10775366 10776053
3135 10776054 10776717
3136 10776718 10777416
3137 10777417 10778101
3138 10778102 10778769
3139 10778770 10779432
3140 10779433 10780132
3141 10780133 10780790
3142 10780791 10781504
3143 10781505 10782142
3144 10782143 10782789
3145 10782790 10783475
3146 10783476 10784142
3147 10784143 10784808
3148 10784809 10785482
3149 10785483 10786185
3150 10786186 10786850
3151 10786851 10787533
3152 10787534 10788228
3153 10788229 10788890
3154 10788891 10789562
3155 10789563 10790221
3156 10790222 10790931
3157 10790932 10791645
3158 10791646 10792307
3159 10792308 10792995
3160 10792996 10793654
3161 10793655 10794302
3162 10794303 10794954
3163 10794955 10795610
3164 10795611 10796263
3165 10796264 10796948
3166 10796949 10797613
3167 10797614 10798255
3168 10798256 10798899
3169 10798900 10799543
3170 10799544 10800199
3171 10800200 10800854
3172 10800855 10801538
3173 10801539 10802212
3174 10802213 10802907
3175 10802908 10803564
3176 10803565 10804262
3177 10804263 10804949
3178 10804950 10805610
3179 10805611 10806296
3180 10806297 10806974
3181 10806975 10807664
3182 10807665 10808338
3183 10808339 10809011
3184 10809012 10809709
3185 10809710 10810363
3186 10810364 10810563
3187 10810564 10810746
3188 10810747 10811433
3189 10811434 10812103
3190 10812104 10812801
3191 10812802 10813507
3192 10813508 10814166
3193 10814167 10814830
3194 10814831 10815517
3195 10815518 10816168
3196 10816169 10816825
3197 10816826 10817477
3198 10817478 10818128
3199 10818129 10818821
3200 10818822 10819471
3201 10819472 10820135
3202 10820136 10820785
3203 10820786 10821418
3204 10821419 10822070
3205 10822071 10822726
3206 10822727 10823367
3207 10823368 10824021
3208 10824022 10824672
3209 10824673 10825341
3210 10825342 10825990
3211 10825991 10826648
3212 10826649 10827342
3213 10827343 10828041
3214 10828042 10828755
3215 10828756 10829443
3216 10829444 10830097
3217 10830098 10830761
3218 10830762 10831446
3219 10831447 10832094
3220 10832095 10832781
3221 10832782 10833425
3222 10833426 10834085
3223 10834086 10834757
3224 10834758 10835414
3225 10835415 10836084
3226 10836085 10836778
3227 10836779 10837432
3228 10837433 10838079
3229 10838080 10838766
3230 10838767 10839423
3231 10839424 10840095
3232 10840096 10840744
3233 10840745 10841438
3234 10841439 10842096
3235 10842097 10842771
3236 10842772 10843431
3237 10843432 10844101
3238 10844102 10844809
3239 10844810 10845512
3240 10845513 10846226
3241 10846227 10846882
3242 10846883 10847610
3243 10847611 10848295
3244 10848296 10848949
3245 10848950 10849608
3246 10849609 10850256
3247 10850257 10850935
3248 10850936 10851573
3249 10851574 10852217
3250 10852218 10852884
3251 10852885 10853531
3252 10853532 10854196
3253 10854197 10854848
3254 10854849 10855527
3255 10855528 10856170
3256 10856171 10856863
3257 10856864 10857540
3258 10857541 10858196
3259 10858197 10858882
3260 10858883 10859534
3261 10859535 10860192
3262 10860193 10860885
3263 10860886 10861565
3264 10861566 10862223
3265 10862224 10862882
3266 10862883 10863553
3267 10863554 10864208
3268 10864209 10864894
3269 10864895 10865584
3270 10865585 10866236
3271 10866237 10866880
3272 10866881 10867576
3273 10867577 10868239
3274 10868240 10868895
3275 10868896 10869576
3276 10869577 10870247
3277 10870248 10870896
3278 10870897 10871583
3279 10871584 10872309
3280 10872310 10872995
3281 10872996 10873653
3282 10873654 10874358
3283 10874359 10875062
3284 10875063 10875759
3285 10875760 10876472
3286 10876473 10877188
3287 10877189 10877878
3288 10877879 10878563
3289 10878564 10879249
3290 10879250 10879952
3291 10879953 10880640
3292 10880641 10881313
3293 10881314 10882009
3294 10882010 10882647
3295 10882648 10883296
3296 10883297 10883982
3297 10883983 10884641
3298 10884642 10885337
3299 10885338 10885996
3300 10885997 10886677
3301 10886678 10887337
3302 10887338 10888005
3303 10888006 10888652
3304 10888653 10889340
3305 10889341 10890013
3306 10890014 10890646
3307 10890647 10891343
3308 10891344 10892006
3309 10892007 10892668
3310 10892669 10893354
3311 10893355 10894022
3312 10894023 10894721
3313 10894722 10895371
3314 10895372 10896106
3315 10896107 10896840
3316 10896841 10897565
3317 10897566 10898251
3318 10898252 10898921
3319 10898922 10899558
3320 10899559 10900204
3321 10900205 10900854
3322 10900855 10901511
3323 10901512 10902142
3324 10902143 10902819
3325 10902820 10903444
3326 10903445 10904079
3327 10904080 10904738
3328 10904739 10905376
3329 10905377 10906050
3330 10906051 10906748
3331 10906749 10907397
3332 10907398 10908083
3333 10908084 10908293
3334 10908294 10908965
3335 10908966 10909655
3336 10909656 10910351
3337 10910352 10911030
3338 10911031 10911692
3339 10911693 10912378
3340 10912379 10913041
3341 10913042 10913714
3342 10913715 10914363
3343 10914364 10915040
3344 10915041 10915728
3345 10915729 10916425
3346 10916426 10917074
3347 10917075 10917758
3348 10917759 10918444
3349 10918445 10919095
3350 10919096 10919811
3351 10919812 10920493
3352 10920494 10921131
3353 10921132 10921794
3354 10921795 10922446
3355 10922447 10923096
3356 10923097 10923743
3357 10923744 10924368
3358 10924369 10925016
3359 10925017 10925658
3360 10925659 10926306
3361 10926307 10926957
3362 10926958 10927603
3363 10927604 10928260
3364 10928261 10928955
3365 10928956 10929614
3366 10929615 10930298
3367 10930299 10930937
3368 10930938 10931604
3369 10931605 10932257
3370 10932258 10932974
3371 10932975 10933669
3372 10933670 10934357
3373 10934358 10935051
3374 10935052 10935710
3375 10935711 10936371
3376 10936372 10937024
3377 10937025 10937700
3378 10937701 10938347
3379 10938348 10939008
3380 10939009 10939667
3381 10939668 10940354
3382 10940355 10941010
3383 10941011 10941689
3384 10941690 10942386
3385 10942387 10943080
3386 10943081 10943752
3387 10943753 10944416
3388 10944417 10945090
3389 10945091 10945749
3390 10945750 10946436
3391 10946437 10947097
3392 10947098 10947766
3393 10947767 10948420
3394 10948421 10949066
3395 10949067 10949707
3396 10949708 10950357
3397 10950358 10950991
3398 10950992 10951641
3399 10951642 10952308
3400 10952309 10952958
3401 10952959 10953604
3402 10953605 10954299
3403 10954300 10954977
3404 10954978 10955635
3405 10955636 10956329
3406 10956330 10957015
3407 10957016 10957675
3408 10957676 10958371
3409 10958372 10959034
3410 10959035 10959698
3411 10959699 10960389
3412 10960390 10961066
3413 10961067 10961724
3414 10961725 10962410
3415 10962411 10963093
3416 10963094 10963752
3417 10963753 10964474
3418 10964475 10965147
3419 10965148 10965832
3420 10965833 10966472
3421 10966473 10967117
3422 10967118 10967754
3423 10967755 10968451
3424 10968452 10969142
3425 10969143 10969808
3426 10969809 10970474
3427 10970475 10971150
3428 10971151 10971808
3429 10971809 10972495
3430 10972496 10973159
3431 10973160 10973806
3432 10973807 10974459
3433 10974460 10975107
3434 10975108 10975747
3435 10975748 10976401
3436 10976402 10977044
3437 10977045 10977707
3438 10977708 10978335
3439 10978336 10978976
3440 10978977 10979632
3441 10979633 10980284
3442 10980285 10980981
3443 10980982 10981659
3444 10981660 10982341
3445 10982342 10982992
3446 10982993 10983657
3447 10983658 10984344
3448 10984345 10984988
3449 10984989 10985646
3450 10985647 10986305
3451 10986306 10986942
3452 10986943 10987583
3453 10987584 10988280
3454 10988281 10988940
3455 10988941 10989631
3456 10989632 10990289
3457 10990290 10990962
3458 10990963 10991613
3459 10991614 10992244
3460 10992245 10992931
3461 10992932 10993589
3462 10993590 10994286
3463 10994287 10994973
3464 10994974 10995632
3465 10995633 10996322
3466 10996323 10996981
3467 10996982 10997648
3468 10997649 10998299
3469 10998300 10998986
3470 10998987 10999625
3471 10999626 11000272
3472 11000273 11000938
3473 11000939 11001607
3474 11001608 11002249
3475 11002250 11002889
3476 11002890 11003580
3477 11003581 11004248
3478 11004249 11004889
3479 11004890 11005528
3480 11005529 11006225
3481 11006226 11006856
3482 11006857 11007529
3483 11007530 11008239
3484 11008240 11008908
3485 11008909 11009545
3486 11009546 11010189
3487 11010190 11010828
3488 11010829 11011477
3489 11011478 11012104
3490 11012105 11012755
3491 11012756 11013389
3492 11013390 11014022
3493 11014023 11014682
3494 11014683 11015324
3495 11015325 11016010
3496 11016011 11016668
3497 11016669 11017364
3498 11017365 11017989
3499 11017990 11018657
3500 11018658 11019311
3501 11019312 11021455
3502 11021456 11022461
3503 11022462 11027904
3504 11027905 11029879
3505 11029880 11031384
3506 11031385 11033244
3507 11033245 11034418
3508 11034419 11035599
3509 11035600 11042561
3510 11042562 11046321
3511 11046322 11047347
3512 11047348 11049823
3513 11049824 11052058
3514 11052059 11055284
3515 11055285 11057875
3516 11057876 11087921
3517 11087922 11089021
3518 11089022 11090771
3519 11090772 11095884
3520 11095885 11097138
3521 11097139 11098792
3522 11098793 11100527
3523 11100528 11102941
3524 11102942 11104623
3525 11104624 11106209
3526 11106210 11108852
3527 11108853 11112078
3528 11112079 11116746
3529 11116747 11118534
3530 11118535 11119493
3531 11119494 11120991
3532 11120992 11123049
3533 11123050 11124581
3534 11124582 11126385
3535 11126386 11127677
3536 11127678 11129588
3537 11129589 11131215
3538 11131216 11132079
3539 11132080 11134801
3540 11134802 11136680
3541 11136681 11142839
3542 11142840 11145572
3543 11145573 11146980
3544 11146981 11148190
3545 11148191 11150882
3546 11150883 11152343
3547 11152344 11154664
3548 11154665 11156136
3549 11156137 11157480
3550 11157481 11159676
3551 11159677 11161201
3552 11161202 11162921
3553 11162922 11168145
3554 11168146 11170737
3555 11170738 11176351
3556 11176352 11178031
3557 11178032 11179333
3558 11179334 11182308
3559 11182309 11183915
3560 11183916 11186710
3561 11186711 11188009
3562 11188010 11188875
3563 11188876 11190488
3564 11190489 11194489
3565 11194490 11197731
3566 11197732 11200722
3567 11200723 11204085
3568 11204086 11206803
3569 11206804 11208216
3570 11208217 11209592
3571 11209593 11210482
3572 11210483 11212653
3573 11212654 11214286
3574 11214287 11215382
3575 11215383 11218712
3576 11218713 11221919
3577 11221920 11225703
3578 11225704 11227463
3579 11227464 11232341
3580 11232342 11236211
3581 11236212 11237984
3582 11237985 11239775
3583 11239776 11240750
3584 11240751 11242026
3585 11242027 11243017
3586 11243018 11244185
3587 11244186 11249277
3588 11249278 11251564
3589 11251565 11253425
3590 11253426 11254560
3591 11254561 11255858
3592 11255859 11257102
3593 11257103 11261291
3594 11261292 11262803
3595 11262804 11265498
3596 11265499 11267645
3597 11267646 11268750
3598 11268751 11270590
3599 11270591 11275595
3600 11275596 11277939
3601 11277940 11283076
3602 11283077 11290906
3603 11290907 11296230
3604 11296231 11307243
3605 11307244 11309081
3606 11309082 11316354
3607 11316355 11320048
3608 11320049 11327980
3609 11327981 11328464
3610 11328465 11333683
3611 11333684 11336183
3612 11336184 11339270
3613 11339271 11343155
3614 11343156 11343910
3615 11343911 11344787
3616 11344788 11350465
3617 11350466 11351955
3618 11351956 11354099
3619 11354100 11356723
3620 11356724 11360395
3621 11360396 11363671
3622 11363672 11365763
3623 11365764 11370595
3624 11370596 11380743
3625 11380744 11381336
3626 11381337 11384506
3627 11384507 11387965
3628 11387966 11393285
3629 11393286 11397054
3630 11397055 11403308
3631 11403309 11413170
3632 11413171 11415251
3633 11415252 11416888
3634 11416889 11420017
3635 11420018 11425603
3636 11425604 11429277
3637 11429278 11431265
3638 11431266 11435665
3639 11435666 11437035
3640 11437036 11446494
3641 11446495 11451076
3642 11451077 11453663
3643 11453664 11457244
3644 11457245 11459053
3645 11459054 11460542
3646 11460543 11462053
3647 11462054 11466775
3648 11466776 11469672
3649 11469673 11478237
3650 11478238 11486018
3651 11486019 11491330
3652 11491331 11494377
3653 11494378 11501507
3654 11501508 11502707
3655 11502708 11505514
3656 11505515 11508108
3657 11508109 11510062
3658 11510063 11512385
3659 11512386 11512915
3660 11512916 11518802
3661 11518803 11519325
3662 11519326 11521404
3663 11521405 11528035
3664 11528036 11533921
3665 11533922 11536445
3666 11536446 11539523
3667 11539524 11548468
3668 11548469 11552088
3669 11552089 11555985
3670 11555986 11559029
3671 11559030 11567989
3672 11567990 11572033
3673 11572034 11575430
3674 11575431 11579072
3675 11579073 11580543
3676 11580544 11585029
3677 11585030 11586055
3678 11586056 11587835
3679 11587836 11593435
3680 11593436 11595534
3681 11595535 11597334
3682 11597335 11613192
3683 11613193 11619129
3684 11619130 11621387
3685 11621388 11624009
3686 11624010 11629416
3687 11629417 11633342
3688 11633343 11647117
3689 11647118 11650947
3690 11650948 11652800
3691 11652801 11656443
3692 11656444 11663041
3693 11663042 11666006
3694 11666007 11666575
3695 11666576 11671269
3696 11671270 11675829
3697 11675830 11678543
3698 11678544 11683290
3699 11683291 11685452
3700 11685453 11686196
3701 11686197 11686619
3702 11686620 11687052
3703 11687053 11687501
3704 11687502 11687994
3705 11687995 11688457
3706 11688458 11688928
3707 11688929 11689423
3708 11689424 11689954
3709 11689955 11690433
3710 11690434 11690942
3711 11690943 11691427
3712 11691428 11691904
3713 11691905 11692397
3714 11692398 11692858
3715 11692859 11693387
3716 11693388 11698707
3717 11698708 11700021
3718 11700022 11714627
3719 11714628 11715733
3720 11715734 11717060
3721 11717061 11722305
3722 11722306 11724817
3723 11724818 11727916
3724 11727917 11734800
3725 11734801 11741016
3726 11741017 11750230
3727 11750231 11761937
3728 11761938 11764020
3729 11764021 11770532
3730 11770533 11776359
3731 11776360 11786399
3732 11786400 11794117
3733 11794118 11794316
3734 11794317 11794551
3735 11794552 11794811
3736 11794812 11794998
3737 11794999 11795219
3738 11795220 11795418
3739 11795419 11795662
3740 11795663 11801650
3741 11801651 11802883
3742 11802884 11807828
3743 11807829 11817820
3744 11817821 11823334
3745 11823335 11826381
3746 11826382 11828381
3747 11828382 11830345
3748 11830346 11832672
3749 11832673 11834502
3750 11834503 11835926
3751 11835927 11837430
3752 11837431 11838999
3753 11839000 11840642
3754 11840643 11844107
3755 11844108 11846662
3756 11846663 11861945
3757 11861946 11865256
3758 11865257 11873234
3759 11873235 11876918
3760 11876919 11880352
3761 11880353 11886512
3762 11886513 11889072
3763 11889073 11892766
3764 11892767 11895531
3765 11895532 11904902
3766 11904903 11906290
3767 11906291 11906475
3768 11906476 11908411
3769 11908412 11913392
3770 11913393 11914798
3771 11914799 11916500
3772 11916501 11918340
3773 11918341 11921220
3774 11921221 11929393
3775 11929394 11936917
3776 11936918 11940412
3777 11940413 11950167
3778 11950168 11951816
3779 11951817 11952772
3780 11952773 11954431
3781 11954432 11958568
3782 11958569 11962334
3783 11962335 11963363
3784 11963364 11978460
3785 11978461 11982597
3786 11982598 11989111
3787 11989112 11992602
3788 11992603 11996104
3789 11996105 11997324
3790 11997325 12002121
3791 12002122 12002887
3792 12002888 12003390
3793 12003391 12011185
3794 12011186 12014048
3795 12014049 12017681
3796 12017682 12020420
3797 12020421 12021637
3798 12021638 12022634
3799 12022635 12024783
3800 12024784 12025027
3801 12025028 12025226
3802 12025227 12025480
3803 12025481 12037347
3804 12037348 12042708
3805 12042709 12048612
3806 12048613 12050382
3807 12050383 12051436
3808 12051437 12074111
3809 12074112 12075622
3810 12075623 12082247
3811 12082248 12088665
3812 12088666 12098247
3813 12098248 12099881
3814 12099882 12103661
3815 12103662 12105765
3816 12105766 12106241
3817 12106242 12109408
3818 12109409 12111523
3819 12111524 12121721
3820 12121722 12122852
3821 12122853 12124199
3822 12124200 12129385
3823 12129386 12131922
3824 12131923 12138581
3825 12138582 12146411
3826 12146412 12147833
3827 12147834 12149609
3828 12149610 12151859
3829 12151860 12155277
3830 12155278 12157239
3831 12157240 12159345
3832 12159346 12165398
3833 12165399 12167478
3834 12167479 12168939
3835 12168940 12170050
3836 12170051 12173232
3837 12173233 12179551
3838 12179552 12181539
3839 12181540 12183935
3840 12183936 12186548
3841 12186549 12189165
3842 12189166 12192772
3843 12192773 12194189
3844 12194190 12202689
3845 12202690 12206603
3846 12206604 12208087
3847 12208088 12218537
3848 12218538 12222641
3849 12222642 12229848
3850 12229849 12239888
3851 12239889 12243252
3852 12243253 12249752
3853 12249753 12254129
3854 12254130 12258795
3855 12258796 12261793
3856 12261794 12263118
3857 12263119 12266196
3858 12266197 12268157
3859 12268158 12269831
3860 12269832 12271551
3861 12271552 12274909
3862 12274910 12276978
3863 12276979 12279112
3864 12279113 12280100
3865 12280101 12281998
3866 12281999 12285960
3867 12285961 12288163
3868 12288164 12293566
3869 12293567 12295315
3870 12295316 12297216
3871 12297217 12299765
3872 12299766 12301964
3873 12301965 12304348
3874 12304349 12306539
3875 12306540 12308337
3876 12308338 12310725
3877 12310726 12316748
3878 12316749 12321707
3879 12321708 12323340
3880 12323341 12337020
3881 12337021 12342397
3882 12342398 12343378
3883 12343379 12357888
3884 12357889 12359747
3885 12359748 12361357
3886 12361358 12362457
3887 12362458 12363979
3888 12363980 12365748
3889 12365749 12371831
3890 12371832 12374824
3891 12374825 12377907
3892 12377908 12380298
3893 12380299 12382257
3894 12382258 12385112
3895 12385113 12390520
3896 12390521 12405917
3897 12405918 12413161
3898 12413162 12416521
3899 12416522 12419760
3900 12419761 12422305
3901 12422306 12425270
3902 12425271 12426617
3903 12426618 12428919
3904 12428920 12434197
3905 12434198 12435813
3906 12435814 12437114
3907 12437115 12438823
3908 12438824 12440818
3909 12440819 12442887
3910 12442888 12445495
3911 12445496 12447528
3912 12447529 12449028
3913 12449029 12450522
3914 12450523 12451921
3915 12451922 12454416
3916 12454417 12458176
3917 12458177 12459831
3918 12459832 12462536
3919 12462537 12465222
3920 12465223 12465740
3921 12465741 12469894
3922 12469895 12475970
3923 12475971 12477712
3924 12477713 12481309
3925 12481310 12483768
3926 12483769 12489795
3927 12489796 12495579
3928 12495580 12503349
3929 12503350 12508292
3930 12508293 12509203
3931 12509204 12510480
3932 12510481 12512517
3933 12512518 12516586
3934 12516587 12520084
3935 12520085 12520694
3936 12520695 12524757
3937 12524758 12527671
3938 12527672 12530528
3939 12530529 12534037
3940 12534038 12539653
3941 12539654 12544304
3942 12544305 12549402
3943 12549403 12552113
3944 12552114 12561285
3945 12561286 12570695
3946 12570696 12576247
3947 12576248 12578274
3948 12578275 12585633
3949 12585634 12587631
3950 12587632 12591123
3951 12591124 12594861
3952 12594862 12597473
3953 12597474 12605843
3954 12605844 12607155
3955 12607156 12609043
3956 12609044 12612135
3957 12612136 12616699
3958 12616700 12618728
3959 12618729 12619933
3960 12619934 12621158
3961 12621159 12626451
3962 12626452 12629238
3963 12629239 12633258
3964 12633259 12634400
3965 12634401 12636428
3966 12636429 12638578
3967 12638579 12639921
3968 12639922 12642819
3969 12642820 12644409
3970 12644410 12651734
3971 12651735 12657036
3972 12657037 12657779
3973 12657780 12658317
3974 12658318 12659184
3975 12659185 12659862
3976 12659863 12660401
3977 12660402 12660978
3978 12660979 12662325
3979 12662326 12665855
3980 12665856 12669600
3981 12669601 12670118
3982 12670119 12672209
3983 12672210 12673553
3984 12673554 12676955
3985 12676956 12683211
3986 12683212 12686485
3987 12686486 12691815
3988 12691816 12694831
3989 12694832 12698648
3990 12698649 12701944
3991 12701945 12704989
3992 12704990 12707096
3993 12707097 12709037
3994 12709038 12712241
3995 12712242 12716024
3996 12716025 12716241
3997 12716242 12718189
3998 12718190 12720367
3999 12720368 12724182
4000 12724183 12727988
4001 12727989 12731616
4002 12731617 12742774
4003 12742775 12752855
4004 12752856 12754912
4005 12754913 12758742
4006 12758743 12762196
4007 12762197 12766420
4008 12766421 12767943
4009 12767944 12769407
4010 12769408 12771766
4011 12771767 12773722
4012 12773723 12776830
4013 12776831 12779597
4014 12779598 12781522
4015 12781523 12783916
4016 12783917 12793578
4017 12793579 12795607
4018 12795608 12797470
4019 12797471 12800125
4020 12800126 12803322
4021 12803323 12812870
4022 12812871 12816342
4023 12816343 12824730
4024 12824731 12826877
4025 12826878 12828613
4026 12828614 12829688
4027 12829689 12831176
4028 12831177 12832241
4029 12832242 12833619
4030 12833620 12838989
4031 12838990 12843991
4032 12843992 12846152
4033 12846153 12847900
4034 12847901 12851926
4035 12851927 12854255
4036 12854256 12856521
4037 12856522 12864201
4038 12864202 12865526
4039 12865527 12867010
4040 12867011 12871299
4041 12871300 12872572
4042 12872573 12873813
4043 12873814 12875231
4044 12875232 12876926
4045 12876927 12882119
4046 12882120 12884651
4047 12884652 12886033
4048 12886034 12889224
4049 12889225 12900164
4050 12900165 12904002
4051 12904003 12913587
4052 12913588 12917381
4053 12917382 12918956
4054 12918957 12921078
4055 12921079 12928119
4056 12928120 12929992
4057 12929993 12937363
4058 12937364 12940758
4059 12940759 12942686
4060 12942687 12955582
4061 12955583 12960842
4062 12960843 12965527
4063 12965528 12966911
4064 12966912 12969393
4065 12969394 12971722
4066 12971723 12973883
4067 12973884 12977497
4068 12977498 12978885
4069 12978886 12989938
4070 12989939 12991115
4071 12991116 12991794
4072 12991795 12996561
4073 12996562 12998609
4074 12998610 12999911
4075 12999912 13000820
4076 13000821 13008240
4077 13008241 13011363
4078 13011364 13013265
4079 13013266 13016150
4080 13016151 13017128
4081 13017129 13018456
4082 13018457 13019819
4083 13019820 13020354
4084 13020355 13024333
4085 13024334 13028961
4086 13028962 13033926
4087 13033927 13037178
4088 13037179 13039396
4089 13039397 13040263
4090 13040264 13041056
4091 13041057 13042308
4092 13042309 13048000
4093 13048001 13049598
4094 13049599 13050373
4095 13050374 13052065
4096 13052066 13065051
4097 13065052 13065612
4098 13065613 13067461
4099 13067462 13069940
4100 13069941 13072270
4101 13072271 13074965
4102 13074966 13076622
4103 13076623 13077251
4104 13077252 13079419
4105 13079420 13081623
4106 13081624 13083831
4107 13083832 13086162
4108 13086163 13088305
4109 13088306 13088794
4110 13088795 13091230
4111 13091231 13092471
4112 13092472 13095580
4113 13095581 13097147
4114 13097148 13097861
4115 13097862 13098913
4116 13098914 13102603
4117 13102604 13104612
4118 13104613 13107837
4119 13107838 13110707
4120 13110708 13118293
4121 13118294 13118712
4122 13118713 13119233
4123 13119234 13130502
4124 13130503 13135002
4125 13135003 13138687
4126 13138688 13147722
4127 13147723 13151138
4128 13151139 13153198
4129 13153199 13155208
4130 13155209 13162348
4131 13162349 13168821
4132 13168822 13172520
4133 13172521 13174775
4134 13174776 13189753
4135 13189754 13196176
4136 13196177 13197513
4137 13197514 13199497
4138 13199498 13202443
4139 13202444 13205036
4140 13205037 13207181
4141 13207182 13208778
4142 13208779 13209527
4143 13209528 13210926
4144 13210927 13211669
4145 13211670 13212064
4146 13212065 13216060
4147 13216061 13219993
4148 13219994 13223064
4149 13223065 13227237
4150 13227238 13234853
4151 13234854 13240299
4152 13240300 13241663
4153 13241664 13246998
4154 13246999 13248179
4155 13248180 13249116
4156 13249117 13250983
4157 13250984 13253411
4158 13253412 13258916
4159 13258917 13261435
4160 13261436 13269544
4161 13269545 13272023
4162 13272024 13272947
4163 13272948 13273802
4164 13273803 13275453
4165 13275454 13277700
4166 13277701 13284995
4167 13284996 13286644
4168 13286645 13291421
4169 13291422 13293886
4170 13293887 13297532
4171 13297533 13300233
4172 13300234 13307210
4173 13307211 13309522
4174 13309523 13312553
4175 13312554 13317166
4176 13317167 13319697
4177 13319698 13322590
4178 13322591 13324504
4179 13324505 13325787
4180 13325788 13330533
4181 13330534 13332176
4182 13332177 13333188
4183 13333189 13334799
4184 13334800 13336608
4185 13336609 13341226
4186 13341227 13342908
4187 13342909 13345602
4188 13345603 13354960
4189 13354961 13356846
4190 13356847 13359489
4191 13359490 13368588
4192 13368589 13372148
4193 13372149 13378315
4194 13378316 13381693
4195 13381694 13384658
4196 13384659 13392549
4197 13392550 13394292
4198 13394293 13396502
4199 13396503 13398158
4200 13398159 13399130
4201 13399131 13401527
4202 13401528 13403215
4203 13403216 13405005
4204 13405006 13420093
4205 13420094 13427489
4206 13427490 13430641
4207 13430642 13432325
4208 13432326 13433745
4209 13433746 13441442
4210 13441443 13443443
4211 13443444 13445566
4212 13445567 13447359
4213 13447360 13449054
4214 13449055 13451140
4215 13451141 13452306
4216 13452307 13453097
4217 13453098 13454202
4218 13454203 13457150
4219 13457151 13461570
4220 13461571 13471258
4221 13471259 13473458
4222 13473459 13476633
4223 13476634 13478743
4224 13478744 13481034
4225 13481035 13508086
4226 13508087 13509990
4227 13509991 13511774
4228 13511775 13517158
4229 13517159 13522632
4230 13522633 13525143
4231 13525144 13528565
4232 13528566 13533351
4233 13533352 13537088
4234 13537089 13540478
4235 13540479 13555976
4236 13555977 13560130
4237 13560131 13563737
4238 13563738 13573904
4239 13573905 13575596
4240 13575597 13577109
4241 13577110 13582987
4242 13582988 13593957
4243 13593958 13599221
4244 13599222 13603087
4245 13603088 13605296
4246 13605297 13606616
4247 13606617 13607294
4248 13607295 13608838
4249 13608839 13613501
4250 13613502 13616250
4251 13616251 13618215
4252 13618216 13627020
4253 13627021 13633305
4254 13633306 13638510
4255 13638511 13640496
4256 13640497 13646984
4257 13646985 13649966
4258 13649967 13652918
4259 13652919 13660442
4260 13660443 13662152
4261 13662153 13664282
4262 13664283 13666887
4263 13666888 13668599
4264 13668600 13670213
4265 13670214 13681144
4266 13681145 13688772
4267 13688773 13692166
4268 13692167 13695217
4269 13695218 13697130
4270 13697131 13702718
4271 13702719 13710917
4272 13710918 13714138
4273 13714139 13714729
4274 13714730 13718399
4275 13718400 13723536
4276 13723537 13730459
4277 13730460 13731394
4278 13731395 13733771
4279 13733772 13738153
4280 13738154 13741719
4281 13741720 13744638
4282 13744639 13750278
4283 13750279 13755380
4284 13755381 13762748
4285 13762749 13763886
4286 13763887 13767839
4287 13767840 13769200
4288 13769201 13776561
4289 13776562 13779868
4290 13779869 13784264
4291 13784265 13789154
4292 13789155 13791513
4293 13791514 13797606
4294 13797607 13799899
4295 13799900 13801621
4296 13801622 13816947
4297 13816948 13826258
4298 13826259 13831665
4299 13831666 13833050
4300 13833051 13838760
4301 13838761 13840167
4302 13840168 13846745
4303 13846746 13851392
4304 13851393 13856015
4305 13856016 13865797
4306 13865798 13867542
4307 13867543 13871033
4308 13871034 13886753
4309 13886754 13896364
4310 13896365 13900287
4311 13900288 13908197
4312 13908198 13921990
4313 13921991 13925801
4314 13925802 13939906
4315 13939907 13945319
